name,pred,d7ft_0,d7ft_1,d7ft_2,d7ft_3,d7ft_4,d7ft_5,d7ft_6,d7ft_7,d7ft_8,true
ISIC_0034246,0.4022839,0.0046622125,0.0054149297,0.02554751,0.0040063486,0.0047948305,0.08020669,0.4022839,0.46982,0.0032635655,1
ISIC_0034162,0.020537034,0.0038986783,0.021079129,0.7745543,0.0043008043,0.0035726042,0.016171176,0.020537034,0.09470697,0.061179306,1
ISIC_0033879,9.0457565e-05,0.00016574767,5.627288e-05,0.00012356187,0.00017725924,0.00018339836,0.00011650969,9.0457565e-05,0.9989721,0.000114650815,0
ISIC_0029779,0.003467838,0.00074019784,0.13036619,0.026075039,0.00080537715,0.0007876822,0.83411545,0.003467838,0.002089056,0.0015533281,0
ISIC_0030085,0.058770675,0.005682496,0.11537486,0.22425537,0.0055291816,0.0059942785,0.08357039,0.058770675,0.48899195,0.011830834,0
ISIC_0029752,0.008959095,0.0056969295,0.0077264146,0.0728183,0.005367763,0.0043816934,0.051438965,0.008959095,0.79874414,0.04486665,0
ISIC_0034048,0.03259695,0.007941716,0.04050352,0.28628987,0.007876529,0.008186614,0.045703508,0.03259695,0.4035549,0.16734646,1
ISIC_0025152,0.0019006036,0.0035870716,0.0036126138,0.020362519,0.003922058,0.0036049136,0.1459731,0.0019006036,0.80778235,0.00925482,0
ISIC_0033902,0.30477282,0.002224869,0.007996767,0.2565289,0.0021216134,0.00192656,0.022863915,0.30477282,0.39437932,0.007185291,1
ISIC_0033546,0.23538235,0.0073830257,0.03673974,0.18412252,0.0073148045,0.0073909103,0.060030818,0.23538235,0.20250888,0.25912687,1
ISIC_0026391,0.0016950242,0.0007741561,0.0005275837,0.012616786,0.0008163455,0.0007817205,0.0029341558,0.0016950242,0.9789152,0.000939098,0
ISIC_0027822,0.030404825,0.0034077563,0.008590779,0.4175206,0.0034886685,0.003384601,0.013294679,0.030404825,0.508216,0.011692106,1
ISIC_0031953,0.003525616,0.0023145215,0.0029648074,0.11056819,0.0021177474,0.0021187493,0.015089489,0.003525616,0.8515443,0.009756582,1
ISIC_0033871,0.00045451193,0.0004943783,0.00017738155,0.0005771436,0.0005491522,0.00053253415,0.0005161281,0.00045451193,0.9963561,0.00034268876,1
ISIC_0028085,0.009314374,0.013990101,0.07378515,0.18276128,0.013146338,0.013041876,0.42251703,0.009314374,0.116888665,0.15455516,0
ISIC_0034153,0.07048302,0.004145543,0.34439036,0.35480222,0.003872433,0.0046570566,0.11409324,0.07048302,0.024639886,0.07891633,0
ISIC_0031160,0.0015154926,0.00024700735,0.00010610172,0.0006513848,0.00026022884,0.000256244,0.0002901689,0.0015154926,0.9965235,0.0001497215,0
ISIC_0031474,0.28486332,0.005511352,0.03539825,0.33231863,0.0056539243,0.005445299,0.12507282,0.28486332,0.18235883,0.0233776,0
ISIC_0030851,0.017182428,0.012884298,0.03761527,0.15224195,0.013005565,0.012883647,0.36437556,0.017182428,0.3743164,0.01549499,0
ISIC_0033752,0.07441955,0.0034811662,0.07145991,0.2599146,0.003701789,0.003931729,0.01977518,0.07441955,0.1879466,0.3753696,1
ISIC_0033865,0.027011722,0.0036003895,0.017522966,0.44041902,0.0036160015,0.003991308,0.0122423945,0.027011722,0.23675278,0.25484344,0
ISIC_0031872,0.011446471,0.007254222,0.07792617,0.45545417,0.00686643,0.0078066364,0.19334888,0.011446471,0.08439952,0.15549737,0
ISIC_0034070,0.02728273,0.0028788506,0.011239128,0.2999668,0.0031158258,0.00275613,0.06027344,0.02728273,0.58598393,0.0065031485,0
ISIC_0030845,0.013994238,0.000426488,0.0001710872,0.0015764578,0.00050610397,0.00044764785,0.0007692102,0.013994238,0.98192006,0.00018867046,0
ISIC_0033186,0.7668761,0.0028002756,0.0011559312,0.011711516,0.0029869583,0.0026072457,0.0023524992,0.7668761,0.20836142,0.0011480972,1
ISIC_0034262,0.036119334,0.006596925,0.04149819,0.14687315,0.006958836,0.0062723155,0.17057316,0.036119334,0.56747293,0.017635213,1
ISIC_0032313,0.1837518,0.0054958505,0.08027626,0.14449064,0.005397006,0.0050484706,0.01498458,0.1837518,0.54716265,0.013392858,1
ISIC_0032221,0.0013725425,0.0010111834,0.00106613,0.0023749701,0.0009257784,0.00095637003,0.0035436302,0.0013725425,0.98782486,0.000924371,0
ISIC_0024770,0.052385997,0.00405657,0.015379046,0.7397508,0.004113631,0.004666481,0.012456092,0.052385997,0.09211963,0.07507177,0
ISIC_0033299,0.9732261,0.00059096393,0.0015929459,0.009053971,0.00070754386,0.00057206274,0.012160447,0.9732261,0.001229106,0.0008668029,1
ISIC_0033583,0.017498208,0.005474296,0.0123278815,0.61244965,0.004548099,0.005526399,0.013454892,0.017498208,0.13306127,0.19565922,0
ISIC_0029674,0.029164884,0.017973773,0.08650294,0.36899203,0.01944684,0.020067878,0.09905153,0.029164884,0.20186816,0.15693204,0
ISIC_0027419,0.33573017,0.006398739,0.14851959,0.42239276,0.006422692,0.005869558,0.013076812,0.33573017,0.019479532,0.04211013,0
ISIC_0033310,0.2241667,0.0011734747,0.4186274,0.04138283,0.0013840701,0.001374225,0.3035494,0.2241667,0.00071859936,0.0076232473,1
ISIC_0029902,0.015842693,0.010012096,0.04445984,0.20528792,0.009493257,0.009975655,0.18948554,0.015842693,0.38036427,0.13507871,0
ISIC_0031127,0.3830975,0.0044100652,0.009885185,0.3431469,0.0046461434,0.0043241642,0.01119147,0.3830975,0.22882926,0.010469387,0
ISIC_0032244,0.2710761,0.0040901224,0.042919442,0.63078177,0.0039304644,0.0039012034,0.008237024,0.2710761,0.018453207,0.016610626,1
ISIC_0027948,0.0021030658,0.0023552459,0.0014494521,0.0040250733,0.0025572635,0.0024518797,0.018550007,0.0021030658,0.96412295,0.0023850498,0
ISIC_0029161,0.25701544,0.003049726,0.04297634,0.2636045,0.0032623627,0.003324765,0.20536856,0.25701544,0.21007483,0.011323423,0
ISIC_0033833,0.030158883,0.0049281474,0.016622918,0.0344059,0.0050932756,0.005702698,0.52290404,0.030158883,0.37314042,0.007043651,0
ISIC_0033708,0.00911774,0.0026973528,0.013682221,0.8930252,0.0025546893,0.0027503842,0.032700814,0.00911774,0.003331971,0.04013967,1
ISIC_0032376,0.047054544,0.0032319129,0.09627418,0.2646509,0.003221744,0.0031273891,0.4040996,0.047054544,0.1717694,0.006570333,0
ISIC_0033696,0.42076388,0.0024401788,0.11595167,0.10720716,0.0024259614,0.0026232868,0.3409824,0.42076388,0.0017621609,0.005843344,1
ISIC_0034046,0.24656978,0.0020666656,0.0047479356,0.08168113,0.0022941905,0.0022003837,0.04160125,0.24656978,0.61095804,0.007880587,1
ISIC_0034185,0.00069991074,0.00036775527,0.0001275497,0.0005595479,0.00037520225,0.0003670389,0.000741534,0.00069991074,0.99651206,0.00024946706,0
ISIC_0025600,0.0049093687,0.0038596166,0.39068207,0.27456456,0.0035005615,0.0040301904,0.19394669,0.0049093687,0.09003728,0.034469623,0
ISIC_0030574,0.033391528,0.0046146875,0.14783502,0.47869802,0.004731326,0.0043156687,0.06904109,0.033391528,0.1765321,0.08084065,0
ISIC_0033925,0.22975731,0.0019622396,0.13425802,0.16923912,0.0021012884,0.0022538535,0.43713394,0.22975731,0.012005924,0.011288258,1
ISIC_0033509,0.13983479,0.0030742704,0.03520544,0.50451356,0.0030984282,0.0030113307,0.011295128,0.13983479,0.2763886,0.023578478,0
ISIC_0024624,0.14309622,0.005036555,0.0536136,0.45210013,0.00491781,0.0053891977,0.08003321,0.14309622,0.123601,0.1322123,1
ISIC_0033364,0.13643523,0.011985907,0.057537466,0.25001076,0.011989241,0.012422855,0.04376666,0.13643523,0.21502368,0.26082823,0
ISIC_0034232,0.006091963,0.0057396996,0.020812377,0.026993841,0.0058525815,0.0058082063,0.34623462,0.006091963,0.57275754,0.009709161,0
ISIC_0030086,0.0028700163,0.00073157874,0.00084129453,0.06563165,0.0007721141,0.0007020289,0.0030451228,0.0028700163,0.9221372,0.0032690677,0
ISIC_0032150,0.014161351,0.0042957533,0.033546817,0.10500937,0.0043948544,0.0043385145,0.026296014,0.014161351,0.77655774,0.03139957,0
ISIC_0028219,0.017844545,0.005329457,0.028798461,0.01530456,0.0047885086,0.0053272657,0.02401241,0.017844545,0.89124054,0.0073542097,1
ISIC_0033866,0.0074478225,0.00097526255,0.0031162,0.59693277,0.0010547632,0.001056104,0.0034126907,0.0074478225,0.3706921,0.0153122395,0
ISIC_0030709,0.081340276,0.009333598,0.026151458,0.13115577,0.008555579,0.009018731,0.052603096,0.081340276,0.6699645,0.0118769435,0
ISIC_0031323,0.012558164,0.011472359,0.03711061,0.116709866,0.01220755,0.011551015,0.059254058,0.012558164,0.58802646,0.15110989,0
ISIC_0030053,0.04509026,0.010868495,0.05711093,0.31726193,0.011206479,0.011421877,0.024893083,0.04509026,0.3310471,0.19109985,0
ISIC_0033380,0.003026149,0.0023468416,0.028066475,0.10721896,0.0021158059,0.0022040782,0.24970381,0.003026149,0.5956571,0.009660734,0
ISIC_0034058,0.054095652,0.0076626353,0.24383512,0.4951666,0.006624866,0.0075021447,0.02215085,0.054095652,0.020243261,0.14271891,0
ISIC_0034110,0.018201992,0.0019663146,0.008903804,0.015101775,0.0018108819,0.0024249156,0.8891905,0.018201992,0.057079356,0.005320407,0
ISIC_0031748,0.019978477,0.0012629739,0.0031360667,0.16668262,0.0013617546,0.001123504,0.0019947516,0.019978477,0.8010607,0.003399212,0
ISIC_0031479,0.98045695,0.0006089312,0.0063051223,0.008011729,0.00073274,0.00066669576,0.00093000353,0.98045695,0.0017535469,0.0005341742,1
ISIC_0028755,0.021076754,0.005702774,0.018188456,0.078535594,0.0066149603,0.0058152974,0.00690175,0.021076754,0.7787194,0.07844494,0
ISIC_0033461,0.0014759828,0.0018725203,0.002060658,0.018149467,0.0018737363,0.001852377,0.0048735584,0.0014759828,0.9656667,0.0021749847,0
ISIC_0034083,0.0065444647,0.0028163856,0.002323592,0.011398758,0.002785593,0.0026548973,0.16312926,0.0065444647,0.8062458,0.0021012516,0
ISIC_0034142,0.0573709,0.001911104,0.15866438,0.69925946,0.0024360267,0.0022442783,0.04562838,0.0573709,0.00051668583,0.031968873,0
ISIC_0033610,0.0080941785,0.0077809393,0.049530435,0.2125641,0.007644725,0.007711874,0.07534429,0.0080941785,0.61124086,0.020088574,0
ISIC_0033339,0.0188356,0.0033836365,0.0077231587,0.061878026,0.003033257,0.003399846,0.27759042,0.0188356,0.61784357,0.0063125053,0
ISIC_0033183,0.102059774,0.0023271895,0.26406038,0.4474403,0.0024416174,0.0022083987,0.1251856,0.102059774,0.001228196,0.05304863,1
ISIC_0033942,0.26100224,0.0021481041,0.07766878,0.5805793,0.0020741976,0.0020685166,0.004112064,0.26100224,0.017282091,0.053064704,1
ISIC_0029945,0.022794066,0.002284687,0.06400038,0.47991505,0.0022966769,0.0026615884,0.008258678,0.022794066,0.40632382,0.0114650065,0
ISIC_0030824,0.3001332,0.002892615,0.042744283,0.53659934,0.0029611045,0.002857506,0.013452406,0.3001332,0.09249976,0.0058597177,1
ISIC_0033784,0.033985417,0.0032212043,0.019260053,0.7662588,0.0031446696,0.003554208,0.050783362,0.033985417,0.035154726,0.0846376,0
ISIC_0034318,0.016163168,0.00219733,0.012198026,0.3499632,0.0021020425,0.0021712629,0.6049482,0.016163168,0.0044362745,0.005820524,0
ISIC_0033695,0.004969075,0.004761627,0.005743098,0.13564919,0.005083214,0.004984965,0.084690444,0.004969075,0.23945434,0.514664,0
ISIC_0029559,0.023561878,0.007823091,0.041662686,0.23383753,0.007621267,0.0077500753,0.051389415,0.023561878,0.46234193,0.16401218,0
ISIC_0033685,0.41044846,0.0012002519,0.0037559469,0.46734008,0.0013093895,0.0011596376,0.0035381746,0.41044846,0.09641473,0.014833269,0
ISIC_0031617,0.03175192,0.007953134,0.046868816,0.36917827,0.008522709,0.0081368685,0.11473016,0.03175192,0.26716778,0.14569032,0
ISIC_0032388,0.005553025,0.007860441,0.017815765,0.10614357,0.007968447,0.0077715255,0.08903409,0.005553025,0.7393263,0.01852681,0
ISIC_0025836,0.20742217,0.004230244,0.036404546,0.48888835,0.0039796,0.0036835137,0.07196142,0.20742217,0.16302864,0.020401599,0
ISIC_0033819,0.43702087,0.005365077,0.010796527,0.24472705,0.0054023247,0.00531044,0.020762729,0.43702087,0.2612346,0.009380412,1
ISIC_0034275,0.21451369,0.00074872386,0.14329329,0.6136963,0.0009614126,0.00073900766,0.021658098,0.21451369,0.00018994459,0.004199511,1
ISIC_0031943,0.076429956,0.004288039,0.69585586,0.037542183,0.003929728,0.0042233164,0.07871024,0.076429956,0.004437837,0.09458282,0
ISIC_0034143,0.037825283,0.004534086,0.6887655,0.032698337,0.004181108,0.0046010944,0.16228043,0.037825283,0.015456644,0.04965743,0
ISIC_0029656,0.013240078,0.008231223,0.041523963,0.31247357,0.008366021,0.008633464,0.053827416,0.013240078,0.39194915,0.16175525,0
ISIC_0034039,0.012282952,0.011529493,0.029920349,0.06176561,0.0111062685,0.011677697,0.37323377,0.012282952,0.4668076,0.021676304,0
ISIC_0031985,0.06290933,0.0028308984,0.0029315818,0.025990555,0.0028940127,0.0028410489,0.03307081,0.06290933,0.8624345,0.0040973085,0
ISIC_0033712,0.029049367,0.009586498,0.175246,0.34629148,0.009053739,0.009053974,0.07573392,0.029049367,0.27842876,0.06755622,0
ISIC_0032706,0.1547755,0.0023716805,0.0032952875,0.03668925,0.0026056385,0.0022557462,0.0066794017,0.1547755,0.78568614,0.005641421,0
ISIC_0034080,0.003498596,0.0010522347,0.0005592272,0.003452094,0.0010086307,0.0010088246,0.0014251823,0.003498596,0.98723406,0.0007612721,0
ISIC_0033813,0.015059374,0.0023545662,0.0050548385,0.029540945,0.0027232454,0.0024407643,0.010074209,0.015059374,0.91853297,0.014219132,1
ISIC_0033955,0.28785688,0.0017879211,0.0048260726,0.05001222,0.0020120079,0.0018734355,0.030794939,0.28785688,0.6170569,0.0037796006,0
ISIC_0034307,0.0069268234,0.0038681265,0.011027126,0.029971963,0.003789451,0.003618912,0.11563351,0.0069268234,0.8113739,0.013790241,0
ISIC_0034271,0.026583314,0.0072518997,0.016391551,0.043478124,0.007139958,0.007337974,0.59315884,0.026583314,0.28202915,0.01662924,0
ISIC_0026584,0.033598896,0.0039320937,0.07791576,0.38495368,0.0041111126,0.0039477847,0.018437855,0.033598896,0.44401184,0.029090974,0
ISIC_0033869,0.04498595,0.0034509834,0.03597634,0.4107696,0.0037380063,0.0036402948,0.005434714,0.04498595,0.01910242,0.47290173,0
ISIC_0032415,0.023584867,0.0051462534,0.030662224,0.21001175,0.0057637864,0.005317975,0.10503524,0.023584867,0.5781692,0.036308702,0
ISIC_0027537,0.011243934,0.0022964021,0.0022257147,0.016747842,0.0021435393,0.0021217824,0.0021552795,0.011243934,0.9584145,0.0026511454,0
ISIC_0032663,0.023562549,0.0019415288,0.0015798499,0.097661555,0.002035517,0.0020443848,0.0069057383,0.023562549,0.8618531,0.002415694,0
ISIC_0029093,0.01750996,0.005004208,0.018582283,0.66034937,0.005485579,0.004938537,0.009911127,0.01750996,0.21485126,0.06336766,0
ISIC_0034141,0.23545635,0.0050564543,0.09208093,0.40559396,0.004985442,0.005031481,0.15656966,0.23545635,0.06295973,0.03226603,1
ISIC_0032930,0.011867548,0.0025423623,0.4468557,0.13932374,0.0024311945,0.0029045816,0.33197525,0.011867548,0.043227907,0.018871736,0
ISIC_0028445,0.1645917,0.0052235345,0.025676671,0.43853354,0.005017585,0.0046077087,0.010778271,0.1645917,0.31313655,0.03243443,1
ISIC_0033092,0.011367169,0.001191421,0.13672069,0.19457819,0.0013202436,0.0013312742,0.6450178,0.011367169,0.0029018275,0.0055713444,0
ISIC_0031093,0.042886373,0.0060181245,0.017370224,0.19689576,0.0060284827,0.0059403563,0.49377108,0.042886373,0.21721616,0.013873476,0
ISIC_0027415,0.16079836,0.00389742,0.0027818019,0.0106659345,0.004047314,0.0034572098,0.0032859854,0.16079836,0.8053113,0.005754676,0
ISIC_0033952,0.5771155,0.0031334092,0.0075547746,0.2790945,0.0030153662,0.0030006724,0.0053007654,0.5771155,0.10725033,0.01453456,0
ISIC_0031694,0.00066161854,0.00063145946,0.0005522281,0.0027152372,0.00067738345,0.0006135841,0.0014570918,0.00066161854,0.99155134,0.001140029,0
ISIC_0026524,0.07064359,0.011504672,0.04614743,0.28304088,0.012141401,0.01290328,0.11656082,0.07064359,0.17425941,0.27279857,0
ISIC_0034201,0.17280506,0.0061788103,0.018917011,0.25118396,0.0073028677,0.006766639,0.013292285,0.17280506,0.36689857,0.15665485,0
ISIC_0031369,0.018473571,0.0036455083,0.047290523,0.68249714,0.003338578,0.0037049092,0.008890891,0.018473571,0.12581931,0.10633965,1
ISIC_0029460,0.028941268,0.0031230154,0.012342612,0.5073961,0.0035367985,0.0033931078,0.020889912,0.028941268,0.3575808,0.06279637,0
ISIC_0033510,0.03327633,0.0049876757,0.31382367,0.46572062,0.0048564016,0.00544906,0.09285507,0.03327633,0.056655377,0.022375815,0
ISIC_0029360,0.108861625,0.0060473257,0.1225521,0.3125056,0.0071904133,0.006766099,0.088214785,0.108861625,0.18267956,0.1651825,0
ISIC_0034159,0.6945741,0.0019312296,0.0023949586,0.0045777666,0.002059772,0.0018170594,0.016552715,0.6945741,0.27278328,0.003309295,1
ISIC_0034279,0.064236514,0.005781978,0.017103605,0.643213,0.0058509368,0.0055821314,0.03929422,0.064236514,0.16144377,0.057493854,0
ISIC_0026794,0.02506587,0.004138213,0.024718214,0.5583178,0.004279384,0.0043817833,0.023493541,0.02506587,0.27294827,0.08265685,0
ISIC_0031615,0.03190088,0.0026471182,0.006525006,0.09529718,0.0025236711,0.0025715148,0.027740136,0.03190088,0.8268682,0.003926418,0
ISIC_0033156,0.6115246,0.0010606518,0.0043074847,0.23394835,0.0010745127,0.0009508989,0.0033934563,0.6115246,0.1417896,0.0019504793,0
ISIC_0033288,0.26449376,0.0025756818,0.009284704,0.022160186,0.003071226,0.0024969243,0.0289078,0.26449376,0.6408619,0.026147773,0
ISIC_0034112,0.0008729808,0.00040496976,0.00017423327,0.0011074696,0.00044356915,0.00040436193,0.0010077547,0.0008729808,0.9953273,0.00025742533,0
ISIC_0034115,0.039495844,0.0013236434,0.0025728547,0.80085814,0.0010886769,0.0010440715,0.0018413811,0.039495844,0.14626552,0.005509935,0
ISIC_0030194,0.07125392,0.0007816082,0.0005665039,0.0092591755,0.00085874536,0.00084532035,0.001653235,0.07125392,0.91390985,0.0008717311,0
ISIC_0025990,0.11872312,0.003378699,0.015540356,0.53244627,0.003507005,0.0032380328,0.010917309,0.11872312,0.30334106,0.008908168,0
ISIC_0033804,0.0027185513,0.0065829377,0.007205758,0.0071539055,0.0065833926,0.0067036324,0.081691526,0.0027185513,0.870259,0.011101309,1
ISIC_0034019,0.0024586378,0.00058976136,0.00080205704,0.0019120548,0.00056877726,0.0005790129,0.0026504016,0.0024586378,0.9896202,0.00081922824,0
ISIC_0033768,0.012174383,0.002967158,0.0035843395,0.027370319,0.0033644119,0.0031664986,0.004444631,0.012174383,0.9282082,0.014720052,0
ISIC_0029513,0.13214788,0.009499373,0.06560528,0.5142323,0.008658231,0.009310734,0.017247861,0.13214788,0.07188418,0.17141417,1
ISIC_0033464,0.0007052241,0.00015955964,8.921025e-05,0.00048388043,0.00017007907,0.00016574889,0.00024099962,0.0007052241,0.99788254,0.00010279368,0
ISIC_0034269,0.2019379,0.0046440135,0.012122136,0.117441826,0.004407221,0.0047344095,0.031429347,0.2019379,0.6181539,0.0051292814,1
ISIC_0026122,0.0173873,0.019192671,0.035506975,0.16014664,0.019169474,0.019702623,0.33117306,0.0173873,0.35765073,0.04007054,0
ISIC_0034054,0.0005728609,0.00032646797,0.00015257113,0.0005350119,0.00031597505,0.00034223867,0.0005110199,0.0005728609,0.9966098,0.00063391234,0
ISIC_0033894,0.08073219,0.0039341836,0.030871615,0.5194746,0.004361158,0.003714782,0.010442261,0.08073219,0.30775517,0.038714003,0
ISIC_0030786,0.0089558335,0.0073411404,0.023843756,0.09549179,0.0079946425,0.0077273347,0.043954566,0.0089558335,0.19204074,0.6126503,0
ISIC_0028994,0.018376399,0.0012843705,0.43668166,0.4046332,0.0012676973,0.0012438487,0.10684331,0.018376399,0.00017661949,0.0294929,0
ISIC_0030182,0.16938108,0.0046252823,0.0031863966,0.019686317,0.004816471,0.004721688,0.003922617,0.16938108,0.7801056,0.009554471,0
ISIC_0026277,0.15342239,0.0075170547,0.1163479,0.20365499,0.008061888,0.009118029,0.45101234,0.15342239,0.03091614,0.019949354,0
ISIC_0031668,0.000712823,0.00079348916,0.00077771326,0.020091848,0.0008414167,0.00078035536,0.0024191923,0.000712823,0.96593696,0.0076461933,0
ISIC_0028052,0.004988683,0.0018524323,0.006910033,0.16011672,0.001876939,0.001883455,0.010459103,0.004988683,0.80260605,0.00930657,0
ISIC_0033823,0.015281397,0.0011124527,0.00059929414,0.005923968,0.0011125398,0.0010085539,0.008623927,0.015281397,0.9654175,0.0009201659,0
ISIC_0033668,0.09717918,0.005934181,0.06969389,0.72273374,0.005580315,0.005486338,0.039128244,0.09717918,0.03876543,0.015498641,1
ISIC_0034006,0.67358845,0.0020173297,0.08162965,0.110124126,0.0020328772,0.0018371543,0.123958364,0.67358845,0.0022323343,0.0025795836,1
ISIC_0026276,0.026589591,0.011713318,0.07707394,0.19339177,0.010610734,0.011212896,0.017046733,0.026589591,0.046441536,0.6059195,0
ISIC_0027607,0.0094283195,0.0008032263,0.0006316774,0.03584325,0.0008340519,0.000821847,0.002003966,0.0094283195,0.9488363,0.0007973604,0
ISIC_0027023,0.12030102,0.009319517,0.03642085,0.45135847,0.0099007245,0.010439296,0.04348962,0.12030102,0.17124386,0.1475267,0
ISIC_0034319,0.0017585121,0.0009726602,0.00046188207,0.007182292,0.0011299998,0.0010177509,0.0013949473,0.0017585121,0.9838123,0.002269565,0
ISIC_0034315,0.021010878,0.004860175,0.08127866,0.31298247,0.004741821,0.005094393,0.15105432,0.021010878,0.30516118,0.113816164,0
ISIC_0033445,0.0020396474,0.0024648227,0.00204002,0.027959367,0.0026924082,0.0025261897,0.16375998,0.0020396474,0.79435956,0.0021581268,0
ISIC_0033604,0.033241313,0.0013624164,0.0043258234,0.043158315,0.0014480565,0.0012879425,0.0025543168,0.033241313,0.91002864,0.0025932312,0
ISIC_0032978,0.49613562,0.002802788,0.25374573,0.15882926,0.002800998,0.002999038,0.07512266,0.49613562,0.0019958238,0.005567963,0
ISIC_0028155,0.005602805,0.0010185427,0.20749529,0.39851263,0.0010119847,0.0011150028,0.37543198,0.005602805,0.00062618364,0.009185581,0
ISIC_0032654,0.1832455,0.004201243,0.1435691,0.468178,0.004378361,0.004481215,0.020397881,0.1832455,0.09232856,0.07922023,0
ISIC_0030687,0.040203013,0.00601322,0.22558592,0.21287408,0.005728892,0.005693657,0.30771497,0.040203013,0.18565783,0.010528481,0
ISIC_0033468,0.8181572,0.0014276452,0.03873805,0.08729298,0.001453394,0.00137588,0.04878095,0.8181572,0.0011020657,0.00167181,0
ISIC_0028415,0.2657537,0.007207756,0.041539986,0.029458294,0.0078792265,0.0071932646,0.020512786,0.2657537,0.356222,0.26423305,1
ISIC_0033611,0.04906744,0.0038550075,0.020656845,0.019791353,0.0037914352,0.003971439,0.0092476895,0.04906744,0.88423586,0.005382893,1
ISIC_0025619,0.0041897227,0.0007097614,0.00027819903,0.0024696195,0.0007138795,0.00068302685,0.0025903755,0.0041897227,0.9879284,0.0004370901,0
ISIC_0033437,0.37257728,0.0020412076,0.0030564673,0.22018449,0.0021287922,0.0018676333,0.0031692577,0.37257728,0.38980064,0.005174248,0
ISIC_0034189,0.13884695,0.00462585,0.024944829,0.6108183,0.0044210996,0.00465598,0.00958684,0.13884695,0.15490006,0.04720006,0
ISIC_0028109,0.0024407594,0.0020028376,0.0029852844,0.016505195,0.0018749187,0.0020495085,0.004894584,0.0024407594,0.9646239,0.0026228705,1
ISIC_0033841,0.0029933178,0.0009929588,0.00039112504,0.0035067394,0.0011320524,0.0010151363,0.0034451548,0.0029933178,0.98576784,0.0007557627,0
ISIC_0033575,0.010988136,0.0027000147,0.12547268,0.46981215,0.0025315569,0.0031394772,0.34985086,0.010988136,0.01355228,0.021952838,0
ISIC_0034186,0.0140834665,0.000666135,0.9421194,0.011776095,0.0006975958,0.0006972403,0.02436542,0.0140834665,0.00014883526,0.0054457462,0
ISIC_0031443,0.018245809,0.003887221,0.013381289,0.23261605,0.0038337763,0.0036617168,0.00763143,0.018245809,0.14612861,0.57061404,0
ISIC_0031329,0.033283535,0.0067644767,0.016558241,0.6478536,0.0061896276,0.0063529387,0.015294938,0.033283535,0.1634808,0.10422187,0
ISIC_0031555,0.01632068,0.014068096,0.042757966,0.18728013,0.013656166,0.0128840655,0.08030357,0.01632068,0.56972367,0.063005775,0
ISIC_0029534,0.042704903,0.011101091,0.023495497,0.13476603,0.011429146,0.011420439,0.4330797,0.042704903,0.29073524,0.041267943,0
ISIC_0034013,0.015001177,0.0076294625,0.3466409,0.101906255,0.007245668,0.0073110177,0.28648183,0.015001177,0.20871297,0.0190707,0
ISIC_0030623,0.0020057126,0.0010870104,0.00071462605,0.0016787089,0.0010652109,0.0010536577,0.037683476,0.0020057126,0.9541499,0.0005617377,1
ISIC_0032396,0.28529295,0.0039022963,0.013652409,0.034364875,0.0037056543,0.0038306457,0.30300534,0.28529295,0.34862146,0.003624358,1
ISIC_0028746,0.37122512,0.002705206,0.005336601,0.28550696,0.0029393565,0.0024446293,0.008098693,0.37122512,0.31399474,0.0077487617,1
ISIC_0033366,0.01604251,0.0069188583,0.0815595,0.56528515,0.006676636,0.006909948,0.01879628,0.01604251,0.061531123,0.23628001,0
ISIC_0033562,0.04110078,0.003150206,0.08746263,0.8146489,0.0028806748,0.0028665976,0.016682563,0.04110078,0.021696677,0.009510929,1
ISIC_0029845,0.0020207982,0.0033944238,0.0048218905,0.006959298,0.0032870334,0.0032763516,0.019199774,0.0020207982,0.9465375,0.010502989,0
ISIC_0026666,0.23529072,0.0046952837,0.008293285,0.26323736,0.0046088286,0.00450664,0.10303592,0.23529072,0.36422852,0.012103486,0
ISIC_0024702,0.15016669,0.0016069409,0.16716567,0.03669634,0.0015439471,0.0017542456,0.6367971,0.15016669,0.0015286313,0.002740509,1
ISIC_0025554,0.07763182,0.005122905,0.5876879,0.059008338,0.0049200333,0.0051612076,0.2347006,0.07763182,0.010670708,0.015096341,0
ISIC_0031268,0.10515963,0.0067481543,0.31121168,0.10097375,0.007278955,0.0070928843,0.2115624,0.10515963,0.19961019,0.05036238,0
ISIC_0028971,0.020167649,0.004003537,0.004294764,0.014220744,0.0036738277,0.004164784,0.04221834,0.020167649,0.9012052,0.0060511115,0
ISIC_0033969,0.002698232,0.00030488725,0.0032862523,0.011029138,0.00034551616,0.00037206124,0.97984165,0.002698232,0.0017873999,0.00033490823,0
ISIC_0025959,0.0009844847,0.00028485266,9.110061e-05,0.00022401998,0.0003307867,0.0002976619,0.00030619794,0.0009844847,0.99733114,0.0001496908,0
ISIC_0033631,0.0073608286,0.008250483,0.012774117,0.5757959,0.009134814,0.008047775,0.1522652,0.0073608286,0.20145392,0.024916988,0
ISIC_0031008,0.019164005,0.0070540174,0.022658823,0.78320885,0.0062878043,0.0077022784,0.023613775,0.019164005,0.021775888,0.108534575,0
ISIC_0027198,0.0067428844,0.006054468,0.020813286,0.20006898,0.0056273374,0.0063869837,0.04648902,0.0067428844,0.68294936,0.024867756,0
ISIC_0029190,0.006501724,0.0014735041,0.006844779,0.4835406,0.0014418251,0.0014750793,0.0046803816,0.006501724,0.4836588,0.010383374,0
ISIC_0033398,0.027114337,0.010243642,0.3312549,0.12519595,0.009821099,0.01020424,0.08445345,0.027114337,0.15800995,0.24370252,0
ISIC_0028803,0.007277985,0.0058931485,0.18188722,0.12918194,0.005373256,0.005595292,0.10687759,0.007277985,0.5403327,0.017580885,0
ISIC_0033490,0.014498755,0.006215821,0.010095269,0.8286665,0.006609313,0.006641221,0.053828415,0.014498755,0.041413672,0.032030985,0
ISIC_0026631,0.06578315,0.0034099722,0.01603662,0.8188104,0.0029783326,0.0036851806,0.0063478174,0.06578315,0.049232658,0.033715826,0
ISIC_0032696,0.0061613857,0.0018442575,0.14746962,0.46778378,0.0018593855,0.0018901499,0.0070932284,0.0061613857,0.00327748,0.36262068,0
ISIC_0027609,0.061721392,0.0062029753,0.22965069,0.33599806,0.0057672625,0.0059733368,0.2432353,0.061721392,0.098949395,0.012501619,0
ISIC_0029927,0.003503792,0.0020216068,0.008627809,0.69249046,0.0021548353,0.0022214942,0.004552065,0.003503792,0.13968946,0.14473848,0
ISIC_0033353,0.006384478,0.0068511725,0.023202712,0.042010427,0.007912142,0.006253102,0.046277482,0.006384478,0.4522627,0.40884575,0
ISIC_0029401,0.07982399,0.010678657,0.035174936,0.03109314,0.010877281,0.011926084,0.21203113,0.07982399,0.5840708,0.02432399,0
ISIC_0032498,0.06953993,0.004362922,0.046105977,0.5807857,0.004478794,0.004705028,0.018856475,0.06953993,0.14839076,0.12277442,0
ISIC_0024507,0.00021651543,0.000189032,5.2670308e-05,0.00017840537,0.00021490466,0.00019745315,0.00017235089,0.00021651543,0.998651,0.00012759543,0
ISIC_0033743,0.01534899,0.009094489,0.00643074,0.11552286,0.009785427,0.009663334,0.107743375,0.01534899,0.71497434,0.011436481,0
ISIC_0033237,0.008920934,0.010763695,0.019300716,0.06287577,0.011149174,0.010340057,0.21510234,0.008920934,0.6418449,0.019702425,0
ISIC_0034146,0.0013534104,0.004113441,0.283743,0.009531495,0.0035534569,0.003881453,0.5679592,0.0013534104,0.1010642,0.024800293,0
ISIC_0030998,0.23166652,0.0048153643,0.04707353,0.47926322,0.004523694,0.0044482024,0.01068543,0.23166652,0.15880477,0.05871929,0
ISIC_0033627,0.0043026805,0.0015972377,0.008070649,0.74184865,0.001557038,0.0013967435,0.004406013,0.0043026805,0.09746406,0.13935693,0
ISIC_0028858,0.017648488,0.006759777,0.13156095,0.082116626,0.0062687704,0.006669789,0.21446112,0.017648488,0.42737755,0.10713688,0
ISIC_0032333,0.0072955415,0.002164187,0.016405573,0.05385331,0.0020042649,0.002459465,0.05260038,0.0072955415,0.85936797,0.0038492617,0
ISIC_0032078,0.013021851,0.008562232,0.01447905,0.15872094,0.008404683,0.008757809,0.24168053,0.013021851,0.52461267,0.021760365,0
ISIC_0034156,0.02647072,0.0020304671,0.0029959646,0.06426769,0.0021855496,0.0019597157,0.010349631,0.02647072,0.87741834,0.012321996,0
ISIC_0032209,0.0018935949,0.00049222104,0.00087811187,0.026013112,0.0005662647,0.0005280033,0.0009525774,0.0018935949,0.96669716,0.0019790013,0
ISIC_0033387,0.008431262,0.0008455665,0.000374703,0.002711498,0.00083789136,0.00082611985,0.0008204177,0.008431262,0.9844956,0.0006570952,1
ISIC_0033615,0.035937253,0.0010386995,0.026666844,0.0061997278,0.0010492107,0.0011007644,0.003118895,0.035937253,0.91955084,0.0053377957,0
ISIC_0032009,0.016937934,0.012175138,0.055122465,0.43483192,0.01196483,0.012693469,0.030516801,0.016937934,0.26110506,0.16465233,0
ISIC_0033332,0.0055603385,0.011872738,0.039637607,0.07111313,0.012863792,0.012227585,0.2584155,0.0055603385,0.44504842,0.14326088,0
ISIC_0034206,0.007918428,0.0032296365,0.0023174954,0.013576418,0.0034017214,0.0030955363,0.020460768,0.007918428,0.9405553,0.005444829,0
ISIC_0033152,0.0023994097,0.0042542024,0.0037143193,0.006149143,0.0039331163,0.0036438552,0.0676636,0.0023994097,0.90396845,0.00427391,1
ISIC_0033205,0.05008621,0.009002579,0.19925554,0.16400513,0.009185544,0.009313969,0.21434192,0.05008621,0.2170968,0.1277123,0
ISIC_0033028,0.0011045974,0.0028487274,0.002090139,0.0026404422,0.002927589,0.0027279935,0.01788215,0.0011045974,0.96467555,0.0031026888,0
ISIC_0030697,0.0018821215,0.003331835,0.008021059,0.06405498,0.0031122873,0.003457686,0.03268602,0.0018821215,0.8774722,0.005981908,0
ISIC_0033426,0.7398179,0.0033891394,0.07294029,0.13919614,0.0033337765,0.0032098934,0.012335198,0.7398179,0.0025888726,0.023188863,1
ISIC_0033375,0.0036856811,0.0027647882,0.0028059438,0.017326292,0.002730121,0.002432734,0.027433654,0.0036856811,0.9349481,0.005872661,0
ISIC_0030486,0.064840235,0.0028980332,0.06209129,0.5086167,0.003042154,0.003365036,0.32952714,0.064840235,0.0078121386,0.017807307,1
ISIC_0032987,0.22472861,0.002569365,0.012125994,0.63941246,0.0024050674,0.0024824955,0.0032768422,0.22472861,0.09816998,0.014829143,1
ISIC_0027361,0.014566581,0.013805099,0.020111647,0.05373282,0.012961784,0.0145588,0.48259822,0.014566581,0.35866284,0.029002303,0
ISIC_0030021,0.0025688242,0.009834561,0.010152838,0.01756295,0.01057912,0.009175018,0.114085965,0.0025688242,0.769304,0.056736756,0
ISIC_0030384,0.005323559,0.0031730987,0.0022224917,0.13792485,0.0034633179,0.0032098615,0.019772084,0.005323559,0.8152253,0.009685344,0
ISIC_0024821,0.028135372,0.011495113,0.034973025,0.43325853,0.01115021,0.011587421,0.021293646,0.028135372,0.34796825,0.10013844,0
ISIC_0033027,0.0043476797,0.0028227281,0.494544,0.14287597,0.0026768185,0.0030431752,0.14295894,0.0043476797,0.18401663,0.022714129,1
ISIC_0033462,0.015586646,0.00090483855,0.00029092637,0.0012643585,0.0010456723,0.0010213932,0.0014278549,0.015586646,0.977989,0.00046941635,0
ISIC_0033391,0.007854844,0.0010825687,0.89505386,0.028561313,0.0011610518,0.0010981451,0.054189052,0.007854844,0.00015179899,0.01084727,0
ISIC_0033859,0.20822752,0.0053035626,0.011817127,0.33420813,0.0058550513,0.0056780106,0.06031732,0.20822752,0.35699826,0.011594975,0
ISIC_0031517,0.2380122,0.0032045995,0.14826444,0.33508974,0.003310556,0.003415248,0.013777657,0.2380122,0.052027475,0.2028981,1
ISIC_0030134,0.047200397,0.0072708875,0.02101644,0.18618613,0.0072979056,0.0070668943,0.3452966,0.047200397,0.32402614,0.054638606,1
ISIC_0033064,0.042561114,0.002215168,0.0031726814,0.026621489,0.0027006497,0.0022565748,0.043862365,0.042561114,0.87114805,0.0054618423,0
ISIC_0033781,0.0103019625,0.001548637,0.0030228929,0.11213376,0.0014732586,0.0014432848,0.0026059677,0.0103019625,0.86053437,0.006935759,0
ISIC_0031531,0.012151363,0.006002934,0.50412357,0.14714216,0.0053163837,0.0058066556,0.059477974,0.012151363,0.1587597,0.101219274,0
ISIC_0033763,0.0020430335,0.0018743733,0.00091358164,0.0016087588,0.0018576336,0.0019622436,0.016667116,0.0020430335,0.97227204,0.00080131873,0
ISIC_0029636,0.03083996,0.002504368,0.004790349,0.12565902,0.002418826,0.0025949702,0.004648251,0.03083996,0.8192927,0.0072515355,0
ISIC_0029301,0.019329213,0.0051246905,0.08527272,0.52481,0.0051277587,0.005214145,0.10692717,0.019329213,0.17727713,0.0709171,0
ISIC_0031640,0.0072711073,0.006015974,0.15809825,0.3790891,0.0052311583,0.0055907425,0.3527952,0.0072711073,0.06494957,0.02095894,0
ISIC_0034161,0.0036855775,0.00489885,0.45632392,0.033874776,0.0042094225,0.0051644812,0.3385044,0.0036855775,0.05223758,0.10110102,0
ISIC_0033359,0.17097513,0.0030707014,0.022516383,0.40434813,0.0033452895,0.003478402,0.011267991,0.17097513,0.33763105,0.043366894,0
ISIC_0027530,0.0052884426,0.005695495,0.04568569,0.05381558,0.0056489496,0.0061288383,0.51403564,0.0052884426,0.33528373,0.028417593,0
ISIC_0033817,0.0066249417,0.0027936304,0.047505427,0.024070425,0.0028821563,0.0033059434,0.9026851,0.0066249417,0.0051870644,0.0049454765,0
ISIC_0028252,0.057031978,0.0024310185,0.0031726565,0.36299035,0.002644843,0.0027112297,0.45967028,0.057031978,0.104482464,0.004865147,0
ISIC_0034230,0.027636439,0.0011083964,0.00077577215,0.008144036,0.0011244108,0.0010943053,0.0026435747,0.027636439,0.956141,0.0013320644,0
ISIC_0026182,0.008072477,0.0075447126,0.06169345,0.2468319,0.0075480314,0.007744733,0.123838656,0.008072477,0.42650017,0.11022582,0
ISIC_0029909,0.15163618,0.0030166171,0.017317105,0.7642364,0.003322462,0.0033108597,0.013461696,0.15163618,0.0041000587,0.039598573,1
ISIC_0032968,0.06551395,0.0053499914,0.5087213,0.1415168,0.005009452,0.0056167464,0.16495235,0.06551395,0.072531186,0.030788302,1
ISIC_0032374,0.09676459,0.0074903676,0.0552983,0.37084848,0.0073180324,0.007300205,0.23926249,0.09676459,0.101419404,0.11429812,0
ISIC_0033893,0.21100855,0.004085397,0.037414405,0.30157432,0.004346152,0.0043421886,0.034576003,0.21100855,0.20971318,0.1929398,1
ISIC_0031779,0.030932505,0.0075602527,0.017211998,0.7210712,0.0084556,0.0075208233,0.043104928,0.030932505,0.089955606,0.074187264,1
ISIC_0028272,0.016845964,0.005142082,0.24799101,0.39989385,0.00488992,0.005089267,0.116231404,0.016845964,0.100839175,0.10307723,0
ISIC_0034037,0.047298472,0.0028481798,0.011563174,0.08292102,0.0028415234,0.0027395391,0.0059429873,0.047298472,0.8342865,0.009558686,0
ISIC_0027820,0.10967138,0.013567517,0.02419455,0.55827993,0.014829405,0.015434667,0.0869903,0.10967138,0.06342872,0.113603525,0
ISIC_0031660,0.0057779485,0.0019839616,0.0048893406,0.36727935,0.002249401,0.002099739,0.005506257,0.0057779485,0.5882475,0.021966564,0
ISIC_0033471,0.28865063,0.0022136855,0.004874744,0.40175676,0.0022937646,0.002057933,0.009616655,0.28865063,0.283318,0.0052177743,0
ISIC_0031824,0.033598088,0.004318849,0.026297664,0.593229,0.0048509943,0.0047078677,0.014958732,0.033598088,0.24367368,0.07436527,0
ISIC_0028442,0.11775123,0.003687416,0.03871818,0.3496915,0.0038804237,0.0037380755,0.10210832,0.11775123,0.3033753,0.07704956,1
ISIC_0029879,0.019562993,0.012320882,0.031450924,0.32173148,0.012471171,0.013252579,0.03135593,0.019562993,0.47008404,0.08776988,0
ISIC_0031400,0.01765674,0.003618011,0.5596903,0.05925705,0.0035938525,0.004134022,0.17797689,0.01765674,0.008127893,0.1659452,0
ISIC_0032378,0.051581945,0.006839644,0.040546875,0.4582274,0.0066560744,0.0075515606,0.038205322,0.051581945,0.34644902,0.043942146,0
ISIC_0033055,0.15971558,0.002215207,0.008082993,0.054482825,0.0021678274,0.0021275505,0.01883979,0.15971558,0.73614705,0.016221218,1
ISIC_0030759,0.044916328,0.006811544,0.033643458,0.6217561,0.0058923448,0.007202459,0.023626471,0.044916328,0.21004646,0.04610501,1
ISIC_0033321,0.19115654,0.0036200893,0.036213394,0.47934237,0.0035769332,0.003362215,0.00782075,0.19115654,0.23328184,0.0416259,0
ISIC_0029498,0.0069837407,0.0036320786,0.018740173,0.027585357,0.0033714508,0.003977075,0.041955523,0.0069837407,0.8879796,0.0057750936,0
ISIC_0033674,0.011791172,0.013593535,0.05040378,0.24581149,0.013819112,0.013142734,0.07586274,0.011791172,0.41053233,0.16504312,0
ISIC_0032814,0.00020494573,0.0004221628,0.00013453413,0.00035368488,0.00042683873,0.0004176064,0.0005967991,0.00020494573,0.9972167,0.00022674892,0
ISIC_0034113,0.020187398,0.00071216316,0.0006632264,0.051277366,0.0007444617,0.00070656365,0.0011057118,0.020187398,0.9223005,0.0023024136,0
ISIC_0033770,0.012833731,0.0019570233,0.123316266,0.7199185,0.0020397205,0.0020610993,0.13276313,0.012833731,0.00068640744,0.004424104,0
ISIC_0027920,0.0030296184,0.00163715,0.07887276,0.3700803,0.0017318659,0.0016304547,0.53768027,0.0030296184,0.0022262435,0.0031113157,0
ISIC_0029030,0.01826655,0.007076591,0.07084317,0.44035783,0.007098262,0.007220577,0.027102588,0.01826655,0.32506785,0.096966535,0
ISIC_0025276,0.07426924,0.0049155545,0.10153562,0.119675815,0.004465019,0.005360469,0.6234142,0.07426924,0.056078702,0.010285354,0
ISIC_0033547,0.0041777506,0.006755414,0.04172767,0.055312254,0.0060996986,0.0067322664,0.6801567,0.0041777506,0.18521902,0.01381921,0
ISIC_0033836,0.0007189142,0.0010553914,0.00058889645,0.0023954886,0.0010834004,0.0010613932,0.0022576882,0.0007189142,0.9899909,0.00084789394,0
ISIC_0026188,0.1454079,0.0047552628,0.29875037,0.4207823,0.0044874623,0.0048818146,0.010026899,0.1454079,0.021425843,0.08948214,1
ISIC_0029143,0.0070713633,0.0010708782,0.0013356014,0.0016482264,0.0011607268,0.0010627412,0.0018928455,0.0070713633,0.9808397,0.0039178655,0
ISIC_0033834,0.2312872,0.0021378386,0.02688235,0.5501932,0.0019140572,0.0020182214,0.0039819856,0.2312872,0.17300431,0.008580878,1
ISIC_0032382,0.028927013,0.005759347,0.030428795,0.5722062,0.0061337347,0.0060109594,0.014607631,0.028927013,0.09148023,0.24444608,0
ISIC_0025062,0.006533651,0.0012184301,0.0009108862,0.0043681203,0.0012659164,0.0013161199,0.0042050276,0.006533651,0.97926885,0.0009132251,0
ISIC_0033735,0.007094455,0.00086825126,0.0008757664,0.0034971237,0.0009208674,0.00084113696,0.0012451381,0.007094455,0.9806863,0.0039709355,0
ISIC_0033580,0.0029147945,0.00019164998,9.439009e-05,0.0016444223,0.00020206894,0.00020091076,0.00044645584,0.0029147945,0.9942207,8.4743966e-05,0
ISIC_0034053,0.011286714,0.0048455475,0.013795826,0.046917588,0.004460594,0.004873168,0.44317394,0.011286714,0.4661421,0.004504509,0
ISIC_0026754,0.16332777,0.0039250134,0.06397304,0.6214046,0.003990661,0.003724077,0.008672303,0.16332777,0.11488177,0.01610083,1
ISIC_0030828,0.017602645,0.004536386,0.03290798,0.041228615,0.0045694974,0.0046385373,0.047694456,0.017602645,0.8397404,0.0070815845,1
ISIC_0034074,0.12354783,0.007532178,0.08019024,0.4111765,0.007548429,0.008555359,0.1672601,0.12354783,0.16606328,0.028126119,1
ISIC_0031633,0.12502807,0.0024174147,0.3391597,0.13730207,0.0024311785,0.0028626276,0.3635318,0.12502807,0.017966507,0.0093006035,0
ISIC_0029912,0.015708737,0.0037189338,0.0020828294,0.026774038,0.0036241754,0.0035634532,0.023911055,0.015708737,0.9166504,0.00396631,0
ISIC_0029022,0.44653806,0.004259322,0.022935065,0.42890716,0.004706978,0.004421426,0.008214258,0.44653806,0.05254391,0.02747385,0
ISIC_0031753,0.020686435,0.00524485,0.39114332,0.07470037,0.0050671855,0.005298493,0.36385223,0.020686435,0.12045491,0.01355221,0
ISIC_0033521,0.16382003,0.0014660757,0.0017811485,0.019952523,0.0014913777,0.0014476391,0.0020075822,0.16382003,0.80579466,0.002239031,0
ISIC_0033176,0.001314317,0.00026113066,0.00017596837,0.00067132595,0.000269877,0.00027344303,0.00015035384,0.001314317,0.9964574,0.00042602303,0
ISIC_0024913,0.010304319,0.0015362297,0.23201351,0.65499645,0.0015566569,0.0015128971,0.024533007,0.010304319,0.00013983983,0.07340708,0
ISIC_0030334,0.014222446,0.0038768474,0.020133136,0.15858097,0.0042360364,0.004249805,0.027482137,0.014222446,0.7572857,0.009933001,0
ISIC_0028531,0.0048683384,0.0054528248,0.02594373,0.037213013,0.0053189253,0.00545473,0.04371107,0.0048683384,0.8574864,0.014550934,0
ISIC_0033967,0.008424952,0.003464218,0.010617576,0.4469002,0.0039610243,0.0037430734,0.31637132,0.008424952,0.19477159,0.011746018,1
ISIC_0034295,0.00050394924,0.00022375386,0.00024269501,0.0016762026,0.00022294481,0.00022742337,0.0013274186,0.00050394924,0.9953807,0.00019490601,0
ISIC_0034060,0.0024284606,0.0021324523,0.001183417,0.0034364124,0.0022838458,0.0022359113,0.04119323,0.0024284606,0.94381446,0.0012916623,0
ISIC_0032915,0.31711993,0.0023018161,0.07982762,0.38334617,0.0023589646,0.0025930505,0.032621305,0.31711993,0.12749632,0.0523349,1
ISIC_0025710,0.10334753,0.0032590684,0.013437055,0.4968729,0.003075386,0.0032850043,0.004643654,0.10334753,0.2140585,0.15802102,0
ISIC_0030106,0.22792916,0.004546625,0.04591709,0.20718129,0.004903767,0.004556372,0.056782432,0.22792916,0.24046329,0.20772003,1
ISIC_0028766,0.0007478471,0.0010753082,0.00069574977,0.0033721447,0.0011380309,0.0011251405,0.001152629,0.0007478471,0.98945045,0.0012425812,0
ISIC_0026874,0.030061278,0.0029516127,0.026818633,0.6578263,0.003042217,0.0031592555,0.010983268,0.030061278,0.16290013,0.10225729,0
ISIC_0034297,0.0010280594,0.00039150543,0.00011454767,0.00024377262,0.00042647796,0.00040139738,0.00088101666,0.0010280594,0.99632853,0.00018451003,0
ISIC_0032740,0.006660712,0.0014753187,0.19285677,0.50273955,0.0014774966,0.0013887165,0.28723368,0.006660712,0.001729624,0.0044382284,0
ISIC_0028633,0.10432253,0.008960968,0.0984897,0.14367805,0.008532938,0.009761625,0.47173128,0.10432253,0.13079175,0.023731224,0
ISIC_0028619,0.06434398,0.010183714,0.089002766,0.2936511,0.010422477,0.010800193,0.15929238,0.06434398,0.04287806,0.31942534,0
ISIC_0031346,0.042045027,0.0063085626,0.1686235,0.34923932,0.00602645,0.0068884096,0.23368697,0.042045027,0.082214765,0.10496696,0
ISIC_0033178,0.18378913,0.0023902997,0.012694939,0.021063095,0.0023821674,0.002515775,0.1024577,0.18378913,0.6702893,0.0024176685,1
ISIC_0028542,0.00405799,0.0053162496,0.17810483,0.070953794,0.0053665186,0.005586174,0.5199931,0.00405799,0.1845015,0.026119739,0
ISIC_0033705,0.068084806,0.003721347,0.006480824,0.6754577,0.0036452727,0.0036567252,0.0119512,0.068084806,0.20697244,0.020029638,0
ISIC_0024378,0.041237902,0.009211256,0.022427674,0.19272666,0.009371537,0.009458124,0.5333187,0.041237902,0.15987429,0.022373846,0
ISIC_0025891,0.0015904455,0.0011253319,0.0005324924,0.003699764,0.0012120376,0.0011561147,0.001175813,0.0015904455,0.9884948,0.0010133412,1
ISIC_0031029,0.011464513,0.008472698,0.025030348,0.44318613,0.009079832,0.00921994,0.04760294,0.011464513,0.42368403,0.022259409,0
ISIC_0025458,0.01612999,0.0024438768,0.009642173,0.0063894014,0.0022554954,0.002505424,0.023645319,0.01612999,0.9345285,0.002459785,0
ISIC_0031166,0.002872608,0.0026314908,0.12553163,0.025733743,0.002695287,0.0029567946,0.7934121,0.002872608,0.027374446,0.016791975,0
ISIC_0033542,0.007897197,0.0009827637,0.00057847967,0.0029982505,0.0010943641,0.0010283067,0.0045304885,0.007897197,0.97999144,0.0008985816,0
ISIC_0033870,0.00045380477,0.00041611423,9.7242446e-05,0.00033972348,0.00040384824,0.00038470895,0.00084298843,0.00045380477,0.9967829,0.0002786927,0
ISIC_0031169,0.020477904,0.010293078,0.119007766,0.23293625,0.010010012,0.010805216,0.42847028,0.020477904,0.030490318,0.13750921,0
ISIC_0030659,0.069946036,0.007669616,0.06604576,0.47600314,0.0078072296,0.007886163,0.021026473,0.069946036,0.13691056,0.20670496,0
ISIC_0033065,0.0019048573,0.0029136646,0.002951866,0.0072607175,0.0027510186,0.0029822232,0.041573312,0.0019048573,0.9342847,0.0033775598,0
ISIC_0025466,0.006958405,0.011329783,0.03473414,0.6306308,0.011459532,0.011621757,0.20018964,0.006958405,0.035907637,0.057168294,0
ISIC_0029488,0.0061056353,0.0046976297,0.03982679,0.27162063,0.0050845616,0.0047917617,0.51149,0.0061056353,0.110621765,0.045761347,0
ISIC_0031488,0.0063154744,0.0028652893,0.019696817,0.2288636,0.0026888296,0.0026652936,0.0067367144,0.0063154744,0.7110366,0.019131377,0
ISIC_0033948,0.059667975,0.0007673331,0.000286697,0.0029214523,0.0008496128,0.0008530964,0.00089551084,0.059667975,0.9331849,0.00057351583,0
ISIC_0028490,0.05702765,0.0020079997,0.007129126,0.6565442,0.0024036819,0.0022908875,0.011069253,0.05702765,0.21998237,0.04154479,0
ISIC_0032878,0.00802534,0.0008032412,0.0013677339,0.039062228,0.0007586678,0.00072307733,0.001906131,0.00802534,0.945541,0.0018127311,0
ISIC_0033730,0.62001455,0.0036532357,0.0039639357,0.22239105,0.0033338778,0.0032126245,0.00657131,0.62001455,0.13256177,0.0042977016,1
ISIC_0034204,0.014979203,0.010434343,0.25218877,0.44456527,0.009605423,0.01020104,0.06649577,0.014979203,0.049621884,0.14190832,0
ISIC_0031212,0.017974772,0.0067013763,0.022859823,0.36992857,0.0077080713,0.007074225,0.025893396,0.017974772,0.46253058,0.079329185,0
ISIC_0034129,0.18840788,0.0032664773,0.0020213746,0.05397252,0.0032655932,0.0031693992,0.010067327,0.18840788,0.7327649,0.0030644895,0
ISIC_0031745,0.034428637,0.00908618,0.026238406,0.37065443,0.009148051,0.00953879,0.014648037,0.034428637,0.4474507,0.07880677,1
ISIC_0034285,0.70731556,0.0022083798,0.0023359058,0.08064271,0.0022711176,0.0020652798,0.0022889029,0.70731556,0.19935142,0.0015208444,0
ISIC_0027831,0.022470562,0.0072894604,0.025638541,0.69859475,0.006862022,0.00733195,0.011147731,0.022470562,0.1805455,0.04011945,0
ISIC_0030125,0.00353452,0.0017754326,0.005590311,0.0023864899,0.0017251233,0.0020459758,0.9232871,0.00353452,0.0583193,0.0013356236,0
ISIC_0033649,0.043615673,0.0013727158,0.0010722204,0.041914597,0.0014106808,0.0013394357,0.0018549247,0.043615673,0.9033065,0.004113395,0
ISIC_0029790,0.0009990544,0.00047529137,0.00012696606,0.00048926816,0.0005280019,0.0004668398,0.0005836213,0.0009990544,0.9960193,0.0003118202,0
ISIC_0032698,0.052637573,0.0020654935,0.0061514243,0.6367682,0.0020257528,0.0018654664,0.0062129996,0.052637573,0.26730233,0.024970856,1
ISIC_0028938,0.006782578,0.00033592802,0.00016446375,0.00080202037,0.00032198452,0.00032438917,0.0002563601,0.006782578,0.9908952,0.00011712117,0
ISIC_0033326,0.0010426051,0.0005015792,0.00022210316,0.0008484119,0.00048554735,0.0005005365,0.00089833856,0.0010426051,0.99521494,0.0002858211,0
ISIC_0030460,0.4087956,0.0018360608,0.0013336228,0.047424752,0.0019982392,0.0018400705,0.010889277,0.4087956,0.52380365,0.0020787765,0
ISIC_0033827,0.05684511,0.008404678,0.02017763,0.09801113,0.009507047,0.008716024,0.1848781,0.05684511,0.5457961,0.06766419,0
ISIC_0029660,0.049872268,0.0065580034,0.016506782,0.14732534,0.007147416,0.0070528598,0.14591,0.049872268,0.5784909,0.04113642,1
ISIC_0034191,0.0004540294,0.00030730432,0.000110725865,0.00043534944,0.00030468195,0.00032100643,0.00036449483,0.0004540294,0.9974257,0.00027670595,0
ISIC_0031221,0.008523327,0.0031972786,0.007838529,0.43168435,0.003290544,0.0031113501,0.013981208,0.008523327,0.51502436,0.013348954,0
ISIC_0034010,0.005349154,0.0024156196,0.011567387,0.044030614,0.0026738953,0.0022948808,0.024145504,0.005349154,0.88547146,0.022051618,0
ISIC_0029281,0.11941703,0.0022526176,0.0049173795,0.1309266,0.0024340663,0.0022277464,0.0020846748,0.11941703,0.721245,0.014494905,1
ISIC_0033539,0.14706069,0.007818157,0.056189664,0.33634552,0.008171045,0.00782225,0.25582564,0.14706069,0.13935506,0.041411996,0
ISIC_0028325,0.051760282,0.006849979,0.036621127,0.6912693,0.006859281,0.006921754,0.011560533,0.051760282,0.11014811,0.078009695,1
ISIC_0033496,0.34267578,0.004261217,0.018439036,0.2028958,0.0041728313,0.0042967605,0.041194733,0.34267578,0.33906707,0.04299686,1
ISIC_0033845,0.040845193,0.00095857604,0.00062575785,0.020212518,0.0009606657,0.0009712886,0.0017806571,0.040845193,0.9286255,0.0050196513,0
ISIC_0033930,0.05100281,0.0007029776,0.00035394332,0.0007699345,0.00070306024,0.0006988147,0.0016557245,0.05100281,0.9436582,0.00045458876,0
ISIC_0028211,0.04006843,0.0035619575,0.111628056,0.74964875,0.003201896,0.0030077824,0.053631097,0.04006843,0.024693806,0.010558257,1
ISIC_0029575,0.5052312,0.0033454362,0.17399965,0.1524338,0.0032246117,0.0029364014,0.15386598,0.5052312,0.00041299575,0.004549973,1
ISIC_0034066,0.11093233,0.0010771477,0.79092634,0.050626982,0.0011547309,0.0010282063,0.028535193,0.11093233,0.005722027,0.009997073,0
ISIC_0024698,0.0075595775,0.010077414,0.020194655,0.11456827,0.010729323,0.010189499,0.17382924,0.0075595775,0.6323921,0.020459963,0
ISIC_0025049,0.024075516,0.00035873035,0.00024968028,0.00056465436,0.00031187176,0.00033527942,0.00026311816,0.024075516,0.9737279,0.00011316269,0
ISIC_0029759,0.029789457,0.016713416,0.06490558,0.1053643,0.01627074,0.018174738,0.29654533,0.029789457,0.4226961,0.02954035,0
ISIC_0029357,0.014920994,0.00634683,0.5387939,0.22856691,0.0068145073,0.0067829313,0.03369695,0.014920994,0.013199841,0.15087718,0
ISIC_0033270,0.4296468,0.004502966,0.03164175,0.26790592,0.0045858896,0.004394567,0.028572818,0.4296468,0.2205774,0.008171901,0
ISIC_0026958,0.024281131,0.007010717,0.08077314,0.3518984,0.006890519,0.00713889,0.26701593,0.024281131,0.22914551,0.02584574,0
ISIC_0034176,0.019472202,0.0017374126,0.0025614453,0.12743789,0.00203902,0.0017267735,0.051745277,0.019472202,0.7882655,0.005014452,0
ISIC_0031987,0.30957446,0.010982346,0.038234007,0.22757936,0.010899851,0.010875708,0.10431304,0.30957446,0.09682475,0.19071656,0
ISIC_0034169,0.021822514,0.009379814,0.18718533,0.19784623,0.00846389,0.009294515,0.33716753,0.021822514,0.09749525,0.13134497,0
ISIC_0032874,0.13026623,0.0021471253,0.005151169,0.10604236,0.0024250064,0.0022702261,0.012108504,0.13026623,0.7351584,0.004430928,0
ISIC_0034000,0.72450924,0.001578534,0.0021250371,0.036385026,0.0014237904,0.0014815897,0.0022848044,0.72450924,0.22908826,0.0011237973,1
ISIC_0029473,0.45283613,0.0029699772,0.016676975,0.23965894,0.003171983,0.0030103892,0.013690895,0.45283613,0.22553936,0.042445276,1
ISIC_0033909,0.0024637016,0.0005198615,0.00016198617,0.0025882407,0.0005542093,0.0004900885,0.00043703397,0.0024637016,0.9902644,0.0025202674,0
ISIC_0033862,0.0066094147,0.0018423944,0.005540333,0.017247679,0.0020863917,0.0019980413,0.045735132,0.0066094147,0.916348,0.0025926684,0
ISIC_0028579,0.005229549,0.0008943762,0.0005159926,0.0015265311,0.0008559106,0.00086439744,0.0012357014,0.005229549,0.9879538,0.0009238817,1
ISIC_0030858,0.03216809,0.006326388,0.078557156,0.1815014,0.0063834535,0.006594091,0.20521002,0.03216809,0.44695917,0.036300223,0
ISIC_0034158,0.18141748,0.0024949962,0.001966081,0.07282301,0.0025201372,0.0023116868,0.020151658,0.18141748,0.7124752,0.0038398372,0
ISIC_0032631,0.029652366,0.00044180854,0.00934971,0.0036789663,0.00046270757,0.00047359025,0.0006335594,0.029652366,0.95443195,0.0008753518,0
ISIC_0033868,0.004582775,0.002269928,0.003109005,0.15286753,0.002394835,0.002090161,0.055885624,0.004582775,0.7697751,0.0070250556,0
ISIC_0033943,0.47483584,0.0046242815,0.009918956,0.20943855,0.0046440735,0.0044558276,0.011651504,0.47483584,0.25920966,0.021221407,0
ISIC_0030898,0.019395843,0.0047838204,0.07680308,0.49015138,0.005380278,0.004698056,0.019555442,0.019395843,0.21332555,0.16590647,1
ISIC_0028966,0.0026259914,0.0053590094,0.00757103,0.027356526,0.005729513,0.0057350593,0.061207544,0.0026259914,0.8443367,0.040078547,0
ISIC_0034196,0.3328415,0.00434541,0.064783014,0.121213436,0.0048075556,0.0048219776,0.33299735,0.3328415,0.123995684,0.010194137,0
ISIC_0032306,0.053725332,0.004293092,0.014546402,0.50158226,0.004924734,0.0046823653,0.0083541125,0.053725332,0.32523444,0.08265728,0
ISIC_0033913,0.040294193,0.0053442935,0.007314931,0.11058749,0.0062219887,0.005615584,0.026564626,0.040294193,0.7706566,0.027400453,0
ISIC_0033235,0.19815192,0.002889824,0.012517646,0.73161924,0.002803948,0.0027016092,0.008925473,0.19815192,0.027396558,0.012993681,0
ISIC_0033193,0.7092859,0.002532331,0.030977422,0.13063338,0.0028188394,0.0027644194,0.0052923444,0.7092859,0.094177514,0.021517906,1
ISIC_0031563,0.010975548,0.0032351722,0.005252274,0.029206378,0.0029268907,0.0030301455,0.051502228,0.010975548,0.88844997,0.0054213484,0
ISIC_0033351,0.11788511,0.0062027033,0.060514677,0.24436438,0.0064499388,0.007068476,0.026223103,0.11788511,0.46040398,0.070887715,0
ISIC_0033360,0.359409,0.0044506085,0.02348197,0.10465274,0.004673555,0.004119624,0.006788815,0.359409,0.46866962,0.023754034,0
ISIC_0026760,0.039874945,0.0033630922,0.61109835,0.21455894,0.003476521,0.003635833,0.08059191,0.039874945,0.019492507,0.023907926,0
ISIC_0034116,0.09324195,0.0041742064,0.0067335865,0.09703244,0.00423444,0.004264018,0.09360146,0.09324195,0.68378717,0.01293075,0
ISIC_0028323,0.19920902,0.002099687,0.42748544,0.2611125,0.00226472,0.0024115972,0.077112675,0.19920902,0.001111585,0.027192784,0
ISIC_0029668,0.0055035213,0.0025949262,0.0020525637,0.08146193,0.0029176397,0.0028529242,0.028537942,0.0055035213,0.8686738,0.0054047173,0
ISIC_0034226,0.006313342,0.0052505834,0.071500175,0.04774886,0.0051464443,0.0045948355,0.055657428,0.006313342,0.73827726,0.06551114,0
ISIC_0025513,0.02309542,0.004742939,0.35496828,0.09104468,0.004346981,0.004874495,0.17985235,0.02309542,0.10003652,0.23703825,0
ISIC_0033519,0.07661329,0.0063904286,0.04039596,0.22176492,0.006191053,0.006146527,0.1436798,0.07661329,0.47276327,0.026054785,0
ISIC_0033799,0.00072442525,0.0006932974,0.0004586308,0.0024189688,0.00074552477,0.0007539251,0.0038045065,0.00072442525,0.9898403,0.0005604438,0
ISIC_0030798,0.3700696,0.0037004922,0.3377167,0.017282454,0.0037215569,0.003908156,0.01637174,0.3700696,0.22627388,0.020955434,1
ISIC_0033537,0.005420913,0.0028151004,0.013526849,0.04226881,0.0027461736,0.0028592802,0.05295209,0.005420913,0.8622991,0.01511188,0
ISIC_0031901,0.07107692,0.0033523724,0.070868865,0.678197,0.0030063395,0.0029443472,0.016763758,0.07107692,0.05736049,0.096429996,0
ISIC_0032414,0.03077337,0.0046733683,0.053020407,0.5104059,0.005377227,0.0049736733,0.010271464,0.03077337,0.20440233,0.17610225,0
ISIC_0033725,0.44792342,0.0022663516,0.008742113,0.09444972,0.0024424908,0.0022497873,0.0020259358,0.44792342,0.429519,0.01038114,1
ISIC_0032880,0.51593333,0.0014049982,0.0005085806,0.0014508087,0.0013692802,0.0013684916,0.0020121315,0.51593333,0.47526202,0.0006903489,0
ISIC_0033188,0.001107563,0.0020787593,0.001777773,0.002455001,0.0020231248,0.0021500513,0.016376903,0.001107563,0.9706332,0.0013977498,0
ISIC_0034301,0.013436551,0.017650528,0.0941669,0.070380084,0.014837953,0.014420028,0.14422028,0.013436551,0.490235,0.14065273,0
ISIC_0033993,0.000101718346,0.00018272099,5.8565423e-05,0.00041248192,0.00019450033,0.00018568739,0.00036562255,0.000101718346,0.99830866,0.00018988962,0
ISIC_0032417,0.07764595,0.012870731,0.027113114,0.5404085,0.013502717,0.012810113,0.06618411,0.07764595,0.1226707,0.12679406,0
ISIC_0033828,0.18068515,0.0028399194,0.008758287,0.19358036,0.002978794,0.002892418,0.01669506,0.18068515,0.5842133,0.0073567266,0
ISIC_0030038,0.006329182,0.010004359,0.024749352,0.0725067,0.010370669,0.010350796,0.061950814,0.006329182,0.32639015,0.477348,0
ISIC_0028222,0.0058254036,0.0018616936,0.042193066,0.8883154,0.0016911014,0.00157828,0.014174253,0.0058254036,0.02740936,0.016951405,0
ISIC_0026839,0.06293677,0.010062355,0.08129647,0.43340084,0.009606682,0.010368078,0.11698021,0.06293677,0.18042247,0.09492611,0
ISIC_0033807,0.2723336,0.0046577575,0.031745926,0.36168975,0.004959478,0.005254341,0.28266764,0.2723336,0.014553638,0.02213797,1
ISIC_0030930,0.001217164,0.0032778021,0.0034059857,0.004546212,0.003703853,0.0031410966,0.017252907,0.001217164,0.9413773,0.022077823,0
ISIC_0030173,0.26754022,0.0038760179,0.008042284,0.27459845,0.0039832997,0.003554472,0.010097667,0.26754022,0.41749245,0.0108151855,0
ISIC_0030377,0.02379994,0.002616613,0.0069100894,0.90164864,0.003043437,0.0026479652,0.00534117,0.02379994,0.035281483,0.018710671,0
ISIC_0028347,0.061461728,0.004356058,0.035905313,0.7120881,0.0041009616,0.0046529523,0.0066092224,0.061461728,0.1495344,0.021291224,0
ISIC_0033923,0.22405997,0.0031945799,0.004101786,0.023483973,0.0038707901,0.0037865208,0.04790553,0.22405997,0.68540686,0.0041899956,0
ISIC_0033654,0.047679875,0.001888381,0.0015719545,0.011267686,0.0023183054,0.0019944308,0.0058552558,0.047679875,0.92020047,0.007223699,1
ISIC_0034024,0.19487166,0.010686194,0.11410227,0.3217328,0.009759198,0.009980837,0.10113497,0.19487166,0.15213518,0.08559695,0
ISIC_0034290,0.10128373,0.0021193484,0.0046576536,0.31217536,0.0021957608,0.0019944161,0.20714806,0.10128373,0.36563203,0.0027936683,0
ISIC_0031711,0.7202646,0.0020957824,0.0071278,0.12963465,0.0021427276,0.0020987715,0.032515246,0.7202646,0.100881234,0.003239136,1
ISIC_0034035,0.005844994,0.007227627,0.018303676,0.22665314,0.0069800466,0.006795892,0.1062361,0.005844994,0.6041502,0.017808339,0
ISIC_0034273,0.0013830069,0.0017148316,0.0029697116,0.015049909,0.0016867778,0.001733353,0.00921578,0.0013830069,0.963597,0.0026496134,0
ISIC_0029466,0.22416638,0.00548153,0.4651455,0.09485353,0.00547104,0.005358215,0.14207387,0.22416638,0.0043149753,0.053135026,0
ISIC_0032697,0.15868989,0.0025640088,0.0023541139,0.08283747,0.0026345288,0.0024591505,0.004973331,0.15868989,0.7364238,0.00706377,0
ISIC_0034225,0.0010871231,0.0019148575,0.0011437547,0.0024549568,0.0021629871,0.002002746,0.07857438,0.0010871231,0.90971786,0.0009412267,0
ISIC_0033733,0.029322896,0.0031759404,0.013977117,0.3388792,0.003166999,0.003071955,0.09949711,0.029322896,0.44992882,0.058980048,0
ISIC_0033900,0.21420172,0.0045689507,0.036356833,0.28083363,0.0048922836,0.0047473293,0.090357155,0.21420172,0.33925316,0.024788877,0
ISIC_0031349,0.10334692,0.008831826,0.10488584,0.5649265,0.009226086,0.0094539905,0.048844296,0.10334692,0.06901605,0.081468515,0
ISIC_0033498,0.6293158,0.0022826213,0.004455242,0.15737349,0.0022031337,0.0021784704,0.0090629235,0.6293158,0.18988778,0.0032404133,1
ISIC_0026979,0.0021413004,0.0013059021,0.00088485813,0.011066412,0.0015095694,0.001437948,0.010467398,0.0021413004,0.96865267,0.0025341173,0
ISIC_0030408,0.02888297,0.002548279,0.53472537,0.24127539,0.002165646,0.002300464,0.03854448,0.02888297,0.00021105539,0.14934635,0
ISIC_0026421,0.008617959,0.0020547756,0.001579894,0.07340912,0.002002563,0.0020704612,0.18351035,0.008617959,0.7255315,0.0012233559,0
ISIC_0032793,0.2610495,0.0029054822,0.0043655154,0.10558832,0.0033777782,0.003208462,0.04569406,0.2610495,0.5703505,0.003460237,0
ISIC_0030404,0.11995089,0.0037455086,0.0016336503,0.014247599,0.0039333026,0.0037295823,0.0075001693,0.11995089,0.84161377,0.0036454338,0
ISIC_0033820,0.032020543,0.008832492,0.025518829,0.64112693,0.009157577,0.008118919,0.13173313,0.032020543,0.1178314,0.025660215,1
ISIC_0031624,0.109762244,0.005663727,0.016203938,0.40308926,0.0056811743,0.005011059,0.22625704,0.109762244,0.21281295,0.015518597,0
ISIC_0029518,0.050110497,0.0031098924,0.039940227,0.7839107,0.003624033,0.0041256114,0.021744171,0.050110497,0.010584901,0.08285004,0
ISIC_0028636,0.04972793,0.0054135807,0.022404851,0.20058322,0.005786138,0.0050457413,0.008449874,0.04972793,0.6317149,0.07087382,0
ISIC_0031440,0.028982405,0.007100267,0.13054554,0.38165158,0.0074310764,0.0072417385,0.028313339,0.028982405,0.15372811,0.255006,0
ISIC_0026186,0.0037696157,0.0012932824,0.0049412,0.04299478,0.0012528099,0.0013678243,0.007918845,0.0037696157,0.9295643,0.0068973983,0
ISIC_0032408,0.25809708,0.0018861424,0.5598455,0.011880601,0.0019102974,0.0020929168,0.1547536,0.25809708,0.0068197832,0.0027141382,1
ISIC_0032248,0.6514553,0.0009867332,0.101232626,0.23452325,0.0010347076,0.00089055236,0.0042685918,0.6514553,0.000840141,0.004768087,1
ISIC_0029735,0.018779613,0.00089667924,0.0012217357,0.0038392765,0.0008523806,0.00089917885,0.002056518,0.018779613,0.97072744,0.00072710565,0
ISIC_0030768,0.053787034,0.0052089393,0.095186904,0.43209362,0.005101796,0.0052968906,0.12113054,0.053787034,0.23834322,0.043850992,0
ISIC_0026656,0.013950181,0.004666623,0.10216539,0.5696975,0.0046764384,0.00482799,0.1593417,0.013950181,0.0022799335,0.13839428,0
ISIC_0033746,0.07757075,0.0018470547,0.039761167,0.036767762,0.0016836666,0.0018572239,0.07080933,0.07757075,0.76776665,0.001936462,0
ISIC_0033959,0.07267188,0.00641582,0.31893596,0.44512668,0.0056318818,0.006729198,0.018896734,0.07267188,0.061271675,0.064320125,0
ISIC_0033788,0.101876415,0.0045218444,0.0024363834,0.10270148,0.005121375,0.0046861754,0.022026977,0.101876415,0.75152624,0.0051030475,0
ISIC_0029537,0.066973634,0.00494862,0.016504636,0.2552553,0.00547601,0.005015688,0.046922956,0.066973634,0.5730507,0.025852535,0
ISIC_0033042,0.06014339,0.004623008,0.094353236,0.27732947,0.004940615,0.0048872647,0.042929042,0.06014339,0.25886104,0.25193298,1
ISIC_0031059,0.008887391,0.0032124312,0.0116714975,0.036206033,0.0029054217,0.003312597,0.07687256,0.008887391,0.85341805,0.0035140116,0
ISIC_0032852,0.009907868,0.0015928012,0.0018963678,0.025137201,0.001912528,0.0016328577,0.43032056,0.009907868,0.5258114,0.0017884563,0
ISIC_0034237,0.35738719,0.0024850506,0.0017340863,0.038407926,0.0027622143,0.0024639617,0.011637198,0.35738719,0.57843715,0.004685269,0
ISIC_0027697,0.0081425235,0.003838252,0.0078001157,0.08634495,0.0041540056,0.003668998,0.013338163,0.0081425235,0.8492363,0.023476545,0
ISIC_0031972,0.009106182,0.0020810121,0.34910494,0.59204024,0.0020680863,0.002007083,0.015507217,0.009106182,0.0028087508,0.02527645,1
ISIC_0026722,0.015743386,0.0062061134,0.38107073,0.14814219,0.0064670825,0.006586687,0.12840469,0.015743386,0.2609573,0.046421833,0
ISIC_0034020,0.010124724,0.00939121,0.023901248,0.16934066,0.009378666,0.009798139,0.32399324,0.010124724,0.33781567,0.10625646,0
ISIC_0027772,0.015684037,0.0052449834,0.023530161,0.016522888,0.005500544,0.0049797166,0.028010657,0.015684037,0.78141135,0.11911587,0
ISIC_0034029,0.002744029,0.0013501762,0.0046428363,0.15641488,0.0013344898,0.0013340815,0.042432573,0.002744029,0.7821805,0.0075664595,0
ISIC_0025073,0.008365351,0.00930111,0.16590641,0.37497705,0.009955939,0.009375106,0.16786642,0.008365351,0.012607038,0.24164553,0
ISIC_0029448,0.07146174,0.006116915,0.017726224,0.13769174,0.006608364,0.0068047345,0.41962585,0.07146174,0.3299828,0.0039817295,0
ISIC_0028235,0.0027563756,0.0007826569,0.00083536294,0.010922104,0.0008862521,0.0008044524,0.0039293314,0.0027563756,0.97759736,0.0014862061,0
ISIC_0034222,0.0022366787,0.0024289011,0.022746691,0.008506976,0.0023527318,0.0025343285,0.10724105,0.0022366787,0.8399734,0.011979285,1
ISIC_0033609,0.02662364,0.0053656995,0.40466833,0.09215348,0.004927528,0.0054405364,0.37613133,0.02662364,0.0029719784,0.08171741,0
ISIC_0034320,0.04792777,0.00096834864,0.0006621698,0.062790304,0.001021714,0.00097579387,0.002178059,0.04792777,0.8818059,0.0016698791,0
ISIC_0033492,0.1724813,0.0033487973,0.008021925,0.20841761,0.0032041892,0.0029891413,0.006596656,0.1724813,0.578991,0.01594937,0
ISIC_0034304,0.18466519,0.010893629,0.0095980475,0.22507362,0.01060395,0.011852015,0.098735414,0.18466519,0.4243445,0.024233699,0
ISIC_0034045,0.004616225,0.0035402575,0.0026767273,0.007929069,0.003750773,0.0036318942,0.02121535,0.004616225,0.94403565,0.008604079,0
ISIC_0030300,0.002796067,0.007092143,0.02353451,0.092485696,0.0063547813,0.006844347,0.1481454,0.002796067,0.69212973,0.020617258,0
ISIC_0029055,0.03386589,0.006987007,0.13880628,0.45438638,0.0066042207,0.0067917244,0.08396425,0.03386589,0.22290137,0.04569294,0
ISIC_0032013,0.04813553,0.0075052916,0.020384511,0.65395087,0.007694772,0.007445488,0.021770727,0.04813553,0.14938489,0.08372786,0
ISIC_0027662,0.0025442007,0.00128692,0.013841716,0.0840508,0.001274479,0.0012184059,0.01013258,0.0025442007,0.8772506,0.0084005045,0
ISIC_0031001,0.06584131,0.005526015,0.40615448,0.15424246,0.005678104,0.0053787814,0.1663103,0.06584131,0.13378659,0.057081986,0
ISIC_0033835,0.0069272406,0.0006392295,0.00029020492,0.0013957393,0.00064025004,0.0006255771,0.0005140791,0.0069272406,0.9886519,0.0003159302,0
ISIC_0034103,0.014065701,0.004475109,0.17751148,0.23634513,0.004795898,0.005082121,0.35671833,0.014065701,0.14440349,0.056602776,0
ISIC_0034272,0.022971889,0.010998468,0.029079286,0.40321985,0.011794771,0.010158232,0.0376166,0.022971889,0.3944832,0.07967772,0
ISIC_0025898,0.022480698,0.0018887523,0.007121426,0.027547313,0.00187087,0.0019838975,0.008305999,0.022480698,0.9235062,0.005294758,0
ISIC_0027786,0.0152445035,0.0007216013,0.79472893,0.16248651,0.00070921,0.0007055514,0.004271722,0.0152445035,0.0035367142,0.017595267,0
ISIC_0033901,0.029947108,0.0048518684,0.008505463,0.026844153,0.004633487,0.005107304,0.09056272,0.029947108,0.82616216,0.0033856982,1
ISIC_0029341,0.0031251335,0.002318331,0.06902716,0.22219066,0.0021622803,0.0021891082,0.6399518,0.0031251335,0.054266553,0.0047689127,0
ISIC_0025735,0.006308404,0.0028648665,0.13727303,0.24468084,0.0025683057,0.0030410236,0.5707631,0.006308404,0.020411668,0.012088749,0
ISIC_0033363,0.06675639,0.009582941,0.064409,0.3582332,0.008401496,0.009409495,0.055367596,0.06675639,0.3552916,0.07254829,0
ISIC_0032042,0.060498603,0.010206043,0.013002192,0.15384102,0.010931308,0.011723431,0.24887232,0.060498603,0.47272822,0.018196907,0
ISIC_0034240,0.098544,0.0018930851,0.00089149893,0.01651336,0.0018282522,0.0018470977,0.0018188022,0.098544,0.8735582,0.003105725,0
ISIC_0034303,0.13941698,0.0029267033,0.0059021986,0.4673772,0.00333796,0.0029206832,0.12707512,0.13941698,0.24598038,0.0050628255,0
ISIC_0033999,0.8130534,0.0011704122,0.11351162,0.022839801,0.0012956149,0.0011843917,0.043952566,0.8130534,0.0002655098,0.0027267365,1
ISIC_0033927,0.014065648,0.0007727395,0.00023198254,0.0047364305,0.0009011821,0.00078394247,0.00074684905,0.014065648,0.9765976,0.0011637096,0
ISIC_0029434,0.413887,0.00280593,0.0031671894,0.23800068,0.0031418141,0.0028433807,0.0035491206,0.413887,0.32846388,0.0041410406,1
ISIC_0033248,0.016268462,0.0010138856,0.5433771,0.15363151,0.0010932646,0.0011198121,0.28033358,0.016268462,0.00037340925,0.002788957,0
ISIC_0033515,0.0026878286,0.0019033119,0.0016978702,0.010835643,0.0018493591,0.0018105323,0.0029763358,0.0026878286,0.9723175,0.0039216285,0
ISIC_0031454,0.004406524,0.0029216325,0.010829192,0.6844495,0.0029670966,0.0030323602,0.10662573,0.004406524,0.16376495,0.021003064,0
ISIC_0028843,0.003030433,0.0013586384,0.0017222239,0.0068429583,0.0013700878,0.0013971748,0.0031412535,0.003030433,0.9787335,0.0024038607,0
ISIC_0032543,0.00023607587,0.00015723836,7.125903e-05,0.0006489233,0.00015843868,0.00015563615,0.00015247005,0.00023607587,0.998119,0.00030101908,0
ISIC_0028635,0.027302755,0.00332158,0.011747311,0.041028358,0.003663017,0.003625412,0.39723086,0.027302755,0.5043823,0.0076984796,0
ISIC_0033442,0.11084491,0.003305139,0.0028591806,0.05776906,0.00361866,0.0031438456,0.009050516,0.11084491,0.80668527,0.002723428,0
ISIC_0032837,0.007459467,0.0014522102,0.000757237,0.0051289448,0.0013481913,0.0014245015,0.0011878965,0.007459467,0.9784571,0.0027846077,0
ISIC_0033294,0.50805265,0.0017357784,0.0011245854,0.009766536,0.001896145,0.0017187536,0.0014312697,0.50805265,0.4729165,0.0013579412,0
ISIC_0033974,0.0052284566,0.0012523242,0.0009917639,0.0027680614,0.0012872794,0.0012732387,0.0025992584,0.0052284566,0.9826461,0.0019535301,0
ISIC_0034122,0.2458895,0.0014133042,0.0031554655,0.012569134,0.0013276169,0.0013737627,0.0075443857,0.2458895,0.7216504,0.005076557,0
ISIC_0024396,0.009954036,0.0148130255,0.023542,0.08750166,0.016158234,0.0147384675,0.14297265,0.009954036,0.38677117,0.30354878,0
ISIC_0025005,0.022805316,0.003173358,0.018511204,0.7823714,0.00309966,0.0033506479,0.005696399,0.022805316,0.11400794,0.046984114,0
ISIC_0030893,0.025583996,0.0013661052,0.5097547,0.034476355,0.0015068833,0.0016532525,0.41929847,0.025583996,0.00045410157,0.005906112,0
ISIC_0028326,0.022434685,0.0034071624,0.007241952,0.07668491,0.0036414482,0.0036584828,0.040466625,0.022434685,0.83844227,0.0040224628,1
ISIC_0034187,0.004124115,0.003474564,0.009142274,0.27857435,0.0033934736,0.0035161327,0.37633523,0.004124115,0.31361058,0.007829314,0
ISIC_0029846,0.007243775,0.00391917,0.005697721,0.05489145,0.004248451,0.0038476703,0.030498017,0.007243775,0.88347435,0.0061794827,0
ISIC_0032807,0.3493739,0.003143125,0.12727001,0.25232258,0.0033372678,0.0034237453,0.18162434,0.3493739,0.06811116,0.011393856,1
ISIC_0031629,0.008326044,0.0068768645,0.009142335,0.10775514,0.006455912,0.0062750163,0.03862091,0.008326044,0.80537987,0.011167983,0
ISIC_0033686,0.06747099,0.0015550269,0.00219021,0.1630996,0.0015529258,0.0014093156,0.012811913,0.06747099,0.7314497,0.018460233,0
ISIC_0032932,0.016828274,0.0011045907,0.010099979,0.22148235,0.0011898206,0.0012469001,0.7436247,0.016828274,0.0004324323,0.003990955,0
ISIC_0033388,0.17188373,0.0008304869,0.00046311208,0.0050279233,0.0007885555,0.0007901622,0.0043939212,0.17188373,0.8154147,0.0004074534,0
ISIC_0034220,0.015330513,0.0015078963,0.0038541728,0.07825347,0.0016563394,0.0015590979,0.01822204,0.015330513,0.87729484,0.0023215262,0
ISIC_0030440,0.030808037,0.002617332,0.0035078998,0.04170249,0.0023587043,0.0027351044,0.011616293,0.030808037,0.90208733,0.0025669192,1
ISIC_0033148,0.07009422,0.0056184065,0.0055699325,0.07014794,0.005675616,0.0056605856,0.30528757,0.07009422,0.52416295,0.0077826576,0
ISIC_0029291,0.011198792,0.008714663,0.18443133,0.2828953,0.009304386,0.008020115,0.20227388,0.011198792,0.25167078,0.041490827,0
ISIC_0034306,0.021928485,0.002236488,0.31317738,0.24355625,0.0021360272,0.0026790302,0.3885466,0.021928485,0.0031781865,0.022561433,0
ISIC_0026717,0.029303772,0.0061367657,0.029056916,0.6562831,0.0051460858,0.005814762,0.013406932,0.029303772,0.031991694,0.22285998,0
ISIC_0029538,0.0012677249,0.0006609197,0.00025510744,0.0007073247,0.00068868505,0.0006902764,0.0010578193,0.0012677249,0.99426633,0.00040574674,1
ISIC_0032240,0.0019181081,0.0029225932,0.012755792,0.05727573,0.0032890637,0.0035795316,0.69881946,0.0019181081,0.21084598,0.008593797,0
ISIC_0028098,0.018183917,0.009906695,0.023436023,0.49741253,0.009470814,0.010302087,0.027319605,0.018183917,0.21868959,0.18527876,0
ISIC_0030579,0.019397704,0.0039152713,0.084641345,0.07452869,0.003970632,0.004122858,0.43173528,0.019397704,0.0013348493,0.3763534,0
ISIC_0033232,0.50914097,0.0026403682,0.0017669185,0.013945939,0.0028744768,0.002478617,0.003114008,0.50914097,0.4624761,0.0015625682,1
ISIC_0032931,0.18376409,0.0049694288,0.010992867,0.419485,0.00504814,0.004721831,0.057947844,0.18376409,0.29269946,0.020371351,0
ISIC_0032102,0.09956822,0.003598606,0.02974135,0.35259292,0.0036082368,0.0035503514,0.12688994,0.09956822,0.36972386,0.010726421,0
ISIC_0025927,0.48852402,0.008566783,0.11029072,0.14675328,0.006868381,0.0076502333,0.05512408,0.48852402,0.007426673,0.16879584,1
ISIC_0034047,0.02342075,0.0027383321,0.41725945,0.25367647,0.0029589215,0.0031094062,0.25723112,0.02342075,0.0023095882,0.037295934,0
ISIC_0033504,0.006475299,0.0015242,0.16356607,0.17883617,0.001533066,0.0017099472,0.6265238,0.006475299,0.00896818,0.010863361,0
ISIC_0031105,0.0132502755,0.0053789406,0.060466655,0.6756491,0.004971027,0.005895563,0.046723645,0.0132502755,0.11780351,0.06986125,0
ISIC_0031466,0.0045725894,0.0012115563,0.00057545624,0.018966818,0.0013937951,0.0012578055,0.013975988,0.0045725894,0.9559354,0.002110508,0
ISIC_0034018,0.0002356964,0.00045307912,0.00017901,0.00044890688,0.00049427,0.0004672127,0.00063969323,0.0002356964,0.9967314,0.0003507317,0
ISIC_0026190,0.004241482,0.0027421804,0.0065576048,0.5435335,0.0034673833,0.0026299576,0.09497501,0.004241482,0.3177229,0.024129977,0
ISIC_0033157,0.0054454464,0.0013569075,0.0012134466,0.028865213,0.0016620288,0.0015144454,0.00514866,0.0054454464,0.9499861,0.004807919,0
ISIC_0028015,0.039585315,0.004408796,0.012140538,0.20239894,0.005212537,0.004645121,0.049380973,0.039585315,0.6406098,0.041618124,0
ISIC_0032470,0.019016983,0.0032344298,0.08503463,0.18977766,0.0028603345,0.003287961,0.054462608,0.019016983,0.60174555,0.040579934,0
ISIC_0033665,0.2580462,0.0054335315,0.007591165,0.07192374,0.005453128,0.005566073,0.028423447,0.2580462,0.6054133,0.012149412,0
ISIC_0031803,0.025077352,0.011075608,0.03383587,0.2757046,0.011441231,0.011776693,0.37315196,0.025077352,0.19523685,0.06269987,0
ISIC_0028720,0.02274805,0.007806768,0.10996448,0.0778264,0.0074033565,0.008185671,0.42686936,0.02274805,0.3146924,0.024503568,0
ISIC_0032933,0.03504465,0.002364163,0.00549812,0.35219526,0.002796327,0.0022766774,0.16147742,0.03504465,0.42615777,0.012189503,0
ISIC_0034063,0.0072177285,0.0023544342,0.002491664,0.043057926,0.00271585,0.0025805992,0.3995881,0.0072177285,0.53732365,0.002670083,0
ISIC_0033045,0.014433873,0.00042740293,0.00026684336,0.07270332,0.00058694807,0.00045731623,0.0014732986,0.014433873,0.907983,0.0016679943,0
ISIC_0033873,0.026056293,0.0041077477,0.027408082,0.041488264,0.0044969753,0.0046801777,0.30385572,0.026056293,0.5433175,0.044589277,0
ISIC_0033143,0.0042529902,0.0014265188,0.001260546,0.077389196,0.0015814975,0.001267221,0.011636673,0.0042529902,0.89426976,0.0069156415,0
ISIC_0032588,0.014223005,0.00050891977,0.00039692153,0.039973594,0.00069162843,0.0005440402,0.0025365653,0.014223005,0.9396178,0.0015075577,0
ISIC_0032510,0.017554445,0.0016905941,0.0015282229,0.028622339,0.0020006278,0.0017173345,0.01902206,0.017554445,0.9169095,0.010954819,0
ISIC_0032798,0.0035552867,0.0017198818,0.0016573314,0.08322587,0.0019225823,0.0015904809,0.02023704,0.0035552867,0.87833804,0.00775337,0
ISIC_0033697,0.0034868948,0.0030779883,0.007169009,0.006260165,0.0032322463,0.0033043947,0.04234203,0.0034868948,0.92782736,0.0032999038,0
ISIC_0033656,0.0041765007,0.003170207,0.01551729,0.2806992,0.0034776733,0.0032033257,0.19211403,0.0041765007,0.46006724,0.037574664,0
ISIC_0034164,0.25322285,0.005812336,0.009994846,0.31110945,0.0054142186,0.0053776084,0.022404088,0.25322285,0.3475921,0.03907252,0
ISIC_0033228,0.013594388,0.0029280202,0.007967814,0.64086294,0.0027804617,0.00248533,0.07065131,0.013594388,0.24595828,0.012771435,0
ISIC_0032744,0.018467834,0.0015669285,0.0010157311,0.009402831,0.0018134679,0.0016485293,0.12061328,0.018467834,0.8440346,0.0014367647,0
ISIC_0030606,0.001688258,0.00092151744,0.0061485,0.003842373,0.0009618126,0.0011315988,0.9044976,0.001688258,0.07876119,0.0020474417,0
ISIC_0033494,0.044519216,0.0033221783,0.084066324,0.6936883,0.0031823402,0.0030574922,0.016183985,0.044519216,0.015650854,0.13632947,0
ISIC_0034254,0.03782518,0.0017483504,0.0030978543,0.70518553,0.0016930137,0.0015270954,0.011216863,0.03782518,0.22914696,0.008559216,0
ISIC_0034172,0.15206674,0.005687283,0.02516343,0.13761711,0.005853311,0.0058381376,0.1350541,0.15206674,0.5206124,0.01210755,1
ISIC_0034111,0.0079591535,0.0028525158,0.0025191351,0.10541618,0.0032623706,0.0028842157,0.15359053,0.0079591535,0.711589,0.009926919,0
ISIC_0029417,0.013004097,0.0050957166,0.35929024,0.39893267,0.0042972425,0.0047329864,0.014820713,0.013004097,0.00077280914,0.19905351,0
ISIC_0025442,0.001984408,0.0006639475,0.0026671959,0.04525598,0.0006415966,0.00070756447,0.0041260733,0.001984408,0.94299585,0.00095739326,0
ISIC_0027113,0.0015812649,0.0030134234,0.008913695,0.0063097985,0.0029195382,0.003174922,0.05410527,0.0015812649,0.9080747,0.011907379,0
ISIC_0033750,0.03183954,0.001603939,0.0021065434,0.7163029,0.0015946784,0.0013096981,0.0073709725,0.03183954,0.23050152,0.007370252,0
ISIC_0033666,0.025079817,0.001431678,0.10571134,0.11889724,0.0014439774,0.0017061705,0.73033845,0.025079817,0.010502017,0.0048893183,0
ISIC_0030426,0.03631534,0.0021202066,0.020643232,0.018229576,0.0021414056,0.0022478707,0.05638507,0.03631534,0.8415642,0.020353053,0
ISIC_0034263,0.5065082,0.002891696,0.19962601,0.2389632,0.002963546,0.0031158659,0.014151168,0.5065082,0.016749857,0.015030347,1
ISIC_0031677,0.04683653,0.0041340347,0.018411465,0.8253816,0.003559511,0.003734835,0.007865244,0.04683653,0.06610106,0.02397565,0
ISIC_0030275,0.007495656,0.0030172553,0.010940711,0.044120256,0.003098713,0.0029330614,0.5589112,0.007495656,0.36485985,0.004623362,0
ISIC_0032023,0.006034449,0.0017864287,0.00153052,0.003660157,0.0018101734,0.0018188654,0.008013816,0.006034449,0.97376865,0.0015769316,0
ISIC_0025402,0.13247494,0.001415561,0.008424438,0.20389299,0.0013468534,0.001393294,0.0063868607,0.13247494,0.64252317,0.002141946,0
ISIC_0029247,0.009637127,0.0007952855,0.00019281059,0.0004426604,0.00081787596,0.00080572674,0.00096199766,0.009637127,0.98610324,0.00024331217,0
ISIC_0034238,0.0014824296,0.00028639636,8.910639e-05,0.00090360333,0.00030081527,0.0002986223,0.00017024421,0.0014824296,0.9961653,0.00030344023,0
ISIC_0032265,0.34311995,0.0026570468,0.0023263297,0.09530484,0.0029691204,0.0027246836,0.014298498,0.34311995,0.5328525,0.0037471477,1
ISIC_0028373,0.018840123,0.0005168998,0.00091330253,0.022998063,0.00052865146,0.00050305616,0.0004442033,0.018840123,0.9543654,0.0008901909,0
ISIC_0031789,0.10766492,0.0071352795,0.1884339,0.42504334,0.007353031,0.0077689947,0.0213797,0.10766492,0.15758456,0.077636264,0
ISIC_0025277,0.20687869,0.0059742345,0.098848276,0.37372732,0.0061081275,0.0060734316,0.25441048,0.20687869,0.015097563,0.032881986,1
ISIC_0034157,0.0091830855,0.008017578,0.010629377,0.034339532,0.007867994,0.008368711,0.36249626,0.0091830855,0.551315,0.0077825943,0
ISIC_0034243,0.8198803,0.0024781202,0.004397539,0.04065851,0.0025464934,0.0026310522,0.034891468,0.8198803,0.0877147,0.0048018177,1
ISIC_0033692,0.005240834,0.0013984158,0.00114911,0.014855272,0.0015147737,0.0013716609,0.0014267558,0.005240834,0.97019625,0.0028469565,0
ISIC_0025860,0.07910829,0.016790133,0.09211948,0.1828292,0.016309282,0.01634347,0.13588789,0.07910829,0.30946705,0.15114522,0
ISIC_0026934,0.00036854143,0.000780535,0.00033932374,0.0007190518,0.00079308165,0.0007908451,0.001870639,0.00036854143,0.993861,0.0004768394,0
ISIC_0026769,0.034783058,0.0019202225,0.099558644,0.78202474,0.0020529474,0.0021020717,0.018313576,0.034783058,0.025595283,0.03364946,0
ISIC_0034022,0.045190003,0.0034796603,0.054787632,0.25201446,0.0032910623,0.0036993497,0.018138736,0.045190003,0.6072455,0.012153611,1
ISIC_0034136,0.060782917,0.01421314,0.2361648,0.45865065,0.012828405,0.013571396,0.04022317,0.060782917,0.07111212,0.092453405,0
ISIC_0033159,0.0002974897,0.0003589449,0.000103764134,0.00026509623,0.00039164806,0.00037080402,0.00054646935,0.0002974897,0.9974254,0.00024033757,0
ISIC_0028258,0.1001511,0.0045167897,0.010795976,0.64823127,0.004809562,0.004673431,0.0049547986,0.1001511,0.06090181,0.16096525,0
ISIC_0034261,0.0017905232,0.0018694714,0.0020321512,0.0033346459,0.0019458709,0.0019182013,0.013410476,0.0017905232,0.97236913,0.0013296092,0
ISIC_0029176,0.012579627,0.011819807,0.031009618,0.2101103,0.013196955,0.013786676,0.14775988,0.012579627,0.5132135,0.046523668,0
ISIC_0028067,0.08067691,0.0025814206,0.0031745795,0.008274995,0.002279108,0.0024499584,0.0058031906,0.08067691,0.89230883,0.002451048,0
ISIC_0025489,0.0043648025,0.0034829893,0.0036397346,0.04092061,0.0033589434,0.0029323539,0.013672982,0.0043648025,0.9211957,0.0064318525,1
ISIC_0029683,0.6928675,0.0025173554,0.0025676473,0.062385388,0.0026079926,0.0023967247,0.0024103306,0.6928675,0.23064601,0.0016010556,0
ISIC_0031749,0.025429333,0.0061641047,0.4014174,0.0595867,0.0059363768,0.0064170146,0.25732097,0.025429333,0.015275669,0.22245255,0
ISIC_0033169,0.04741683,0.004310345,0.005545126,0.41217288,0.0042939982,0.0037899525,0.05520497,0.04741683,0.45315787,0.014108029,0
ISIC_0029953,0.28648007,0.0012919809,0.0007532315,0.0333354,0.0012986102,0.0014451074,0.003926442,0.28648007,0.6701304,0.00133891,0
ISIC_0032312,0.022859199,0.0074766125,0.005774035,0.033295732,0.007340077,0.007156125,0.016709847,0.022859199,0.855569,0.043819506,0
ISIC_0027654,0.07021402,0.00599891,0.005357109,0.081752025,0.005727989,0.005479743,0.19376028,0.07021402,0.6275623,0.0041475496,0
ISIC_0031412,0.10028414,0.0083855335,0.025188861,0.13022275,0.007359431,0.0077118087,0.35841736,0.10028414,0.33032075,0.032109387,0
ISIC_0025647,0.0095721325,0.009252445,0.013110377,0.03718872,0.008972443,0.008716688,0.04530886,0.0095721325,0.851336,0.016542336,0
ISIC_0028110,0.00024393386,0.0004960142,0.00018576028,0.0003240155,0.00051460153,0.00051488064,0.00066896086,0.00024393386,0.9968254,0.00022634701,0
ISIC_0028479,0.019114576,0.0073875277,0.08724368,0.301964,0.0062228995,0.0068424167,0.012828459,0.019114576,0.016815819,0.54158056,0
ISIC_0034118,0.110864334,0.0011346191,0.0008085952,0.008727522,0.0010859304,0.0011506701,0.0017994853,0.110864334,0.8738492,0.0005796514,1
ISIC_0032026,0.0018352254,0.0020546063,0.0020682986,0.02826042,0.0022223878,0.0020982947,0.018959194,0.0018352254,0.93607473,0.0064268694,0
ISIC_0030963,0.0004949428,0.001811101,0.0008159306,0.006972585,0.0017389817,0.0016835664,0.0075648217,0.0004949428,0.97626776,0.0026501592,0
ISIC_0030818,0.0020519076,0.0006807062,0.00026141238,0.00096153247,0.00070911454,0.00065961666,0.0006987098,0.0020519076,0.9935314,0.00044552432,1
ISIC_0033196,0.0049909092,0.0027153364,0.008287574,0.06155516,0.0025855654,0.002387629,0.016695758,0.0049909092,0.8899068,0.010875276,1
ISIC_0028453,0.0160008,0.00563694,0.01572604,0.022403358,0.006030542,0.0066536865,0.41309094,0.0160008,0.50573176,0.008725882,0
ISIC_0033550,0.0040092487,0.0026591371,0.45328456,0.16481581,0.0025425705,0.0025827806,0.052785397,0.0040092487,0.2625222,0.054798294,0
ISIC_0033912,0.005060201,0.0010683319,0.0013298353,0.004787155,0.0011239653,0.0010801761,0.02301456,0.005060201,0.96160364,0.00093197374,0
ISIC_0034098,0.13331541,0.0021753022,0.007985453,0.021723209,0.0022253525,0.0021909296,0.005075213,0.13331541,0.82082146,0.004487761,0
ISIC_0033984,0.006181462,0.0006140777,0.00056382146,0.004213682,0.00066401804,0.0006584402,0.0053744987,0.006181462,0.98119634,0.00053357467,0
ISIC_0033289,0.6704022,0.0016666753,0.0014377603,0.013716998,0.0017453056,0.0016998056,0.0013477922,0.6704022,0.30647457,0.0015089057,0
ISIC_0033776,0.14269356,0.0024416826,0.1053342,0.6710326,0.002312561,0.0019321742,0.057398386,0.14269356,0.009110917,0.007743905,0
ISIC_0030552,0.004559136,0.0048397384,0.01262368,0.012548591,0.004981429,0.005351177,0.39343882,0.004559136,0.54725426,0.014403175,1
ISIC_0034251,0.0018402176,0.0007765707,0.00031145205,0.0017256503,0.00083923724,0.0008571825,0.011767851,0.0018402176,0.9814634,0.00041871244,0
ISIC_0027737,0.050241973,0.004055572,0.021816125,0.51722735,0.004818845,0.00439397,0.016242942,0.050241973,0.2716433,0.109559976,0
ISIC_0034182,0.4886504,0.0010288048,0.0014557921,0.011114933,0.0011380523,0.001077883,0.00095611485,0.4886504,0.4903414,0.004236658,0
ISIC_0033790,0.14052513,0.008779808,0.054188874,0.27154666,0.008369464,0.008892456,0.05315094,0.14052513,0.021872079,0.43267462,0
ISIC_0026092,0.00426511,0.0045035547,0.026855199,0.5376046,0.0046219914,0.004029348,0.26873934,0.00426511,0.11805498,0.03132589,0
ISIC_0034305,0.05139899,0.0062448247,0.008398855,0.10821781,0.0072808205,0.0065968144,0.08881366,0.05139899,0.71290106,0.010147261,0
ISIC_0029308,0.0832472,0.01293835,0.06410932,0.39225888,0.011045316,0.012201688,0.016897323,0.0832472,0.021173203,0.38612875,0
ISIC_0034144,0.00027230245,0.00037573135,0.00013659449,0.00041563442,0.00038908856,0.00038482586,0.00059462525,0.00027230245,0.9971449,0.00028618108,0
ISIC_0033130,0.098464034,0.002495382,0.015749874,0.25481182,0.0025677017,0.0024585389,0.5902257,0.098464034,0.029758522,0.0034684439,0
ISIC_0033968,0.027944649,0.0022164367,0.001826195,0.12486663,0.002212498,0.0021070342,0.033017434,0.027944649,0.8040706,0.0017385999,1
ISIC_0031418,0.010878754,0.0026206847,0.01192765,0.099003024,0.0028083592,0.0027757683,0.016177103,0.010878754,0.8425318,0.011276986,0
ISIC_0031883,0.017911417,0.005187488,0.01231913,0.02810807,0.005162994,0.005503769,0.012764427,0.017911417,0.89190435,0.021138187,0
ISIC_0033843,0.8325497,0.003027719,0.017195564,0.07527695,0.0031412493,0.0032515419,0.0046252734,0.8325497,0.04948249,0.0114495745,1
ISIC_0029212,0.19648929,0.0010976648,0.17263693,0.60501635,0.0010628077,0.0009954626,0.0015524322,0.19648929,0.00096953305,0.020179644,1
ISIC_0032993,0.99223083,0.00023681507,0.0009250846,0.0020699021,0.0002596086,0.0002458586,0.0012369738,0.99223083,0.002612785,0.00018211466,1
ISIC_0026153,0.023876606,0.0050752573,0.056630243,0.6125229,0.0052166376,0.004755584,0.06192739,0.023876606,0.19169436,0.038301107,0
ISIC_0032086,0.015085808,0.0057142135,0.053621124,0.48906025,0.006903209,0.0063728704,0.042177033,0.015085808,0.2247945,0.156271,0
ISIC_0028810,0.05679465,0.005269307,0.055691678,0.4578919,0.00527852,0.005526859,0.023768483,0.05679465,0.27074778,0.11903085,0
ISIC_0028087,0.02676539,0.002971613,0.011656753,0.6716482,0.0029458,0.002923154,0.005207954,0.02676539,0.26485986,0.011021401,1
ISIC_0024602,0.09222336,0.007816554,0.07464543,0.23987512,0.009261665,0.009287883,0.068006806,0.09222336,0.19906409,0.29981908,0
ISIC_0025063,0.064424604,0.0040438036,0.036606107,0.75390595,0.0045006983,0.00420332,0.029778047,0.064424604,0.06564812,0.03688934,0
ISIC_0034104,0.3485862,0.0075587044,0.011804119,0.18858401,0.0075315656,0.006774144,0.067300044,0.3485862,0.35108027,0.010780879,1
ISIC_0032514,0.006706945,0.0019130029,0.011635547,0.6482978,0.0018432053,0.0017307664,0.022077791,0.006706945,0.2989141,0.0068809823,0
ISIC_0033384,0.00049475575,0.00023201526,0.00010571814,0.0003232952,0.0002402428,0.00023723567,0.00022398494,0.00049475575,0.99793625,0.00020644072,0
ISIC_0033502,0.009382688,0.0049238163,0.012893694,0.02330186,0.0052693947,0.005396563,0.5728508,0.009382688,0.3573521,0.008629062,0
ISIC_0028080,0.0046005123,0.008887134,0.17426394,0.51903415,0.009950421,0.009475181,0.16263957,0.0046005123,0.013054566,0.098094545,0
ISIC_0029924,0.17324215,0.0067859674,0.06336605,0.38101354,0.006792579,0.007971185,0.047193684,0.17324215,0.09480127,0.21883357,0
ISIC_0033535,0.018048229,0.011654735,0.026208157,0.09134862,0.012019781,0.011969351,0.2651622,0.018048229,0.49986824,0.063720666,0
ISIC_0033525,0.019242495,0.0012162207,0.0008931312,0.008111261,0.0013307942,0.0011989934,0.0027100854,0.019242495,0.9622986,0.0029984687,0
ISIC_0032283,0.16248952,0.0086183855,0.12698202,0.2613058,0.009183551,0.009534217,0.073869444,0.16248952,0.1274157,0.22060135,0
ISIC_0031896,0.00078211905,0.0008472539,0.00033204778,0.0010470728,0.0008843598,0.00086112396,0.0015043322,0.00078211905,0.9931431,0.00059854187,0
ISIC_0029527,0.045535248,0.004390517,0.014176572,0.806539,0.004746482,0.004480806,0.0076320306,0.045535248,0.010234067,0.10226537,0
ISIC_0030445,0.18078427,0.0046760323,0.112969615,0.3827632,0.00484087,0.004941931,0.025600085,0.18078427,0.09171095,0.19171306,1
ISIC_0033187,0.012987438,0.0017890491,0.00082723954,0.0044618286,0.0017924448,0.0017812279,0.0065053524,0.012987438,0.9685449,0.0013106632,0
ISIC_0025168,0.047952354,0.00051945,0.0002397897,0.0022294389,0.0004953927,0.0005207564,0.00045048175,0.047952354,0.94738626,0.00020611945,0
ISIC_0028170,0.06387929,0.0041351966,0.011100034,0.132395,0.0046431134,0.0045823585,0.2914617,0.06387929,0.37555602,0.112247325,0
ISIC_0031475,0.00825596,0.0043048137,0.005432217,0.037469156,0.005278322,0.0045898785,0.01861286,0.00825596,0.7837585,0.13229835,0
ISIC_0034276,0.01238098,0.004382297,0.027857233,0.3411123,0.004424311,0.004222305,0.046114706,0.01238098,0.5083604,0.05114561,0
ISIC_0033744,0.03301989,0.010938441,0.18527997,0.33297667,0.010618543,0.012138814,0.09451267,0.03301989,0.04278327,0.27773172,0
ISIC_0033774,0.057130028,0.0013469581,0.0011695072,0.020320434,0.0015553413,0.0013552759,0.0039272043,0.057130028,0.91132605,0.0018691426,0
ISIC_0033499,0.035000972,0.003196687,0.33407244,0.49175993,0.0033150108,0.0030245888,0.08485203,0.035000972,0.019323353,0.025455046,0
ISIC_0034183,0.124646954,0.0014116559,0.0006930315,0.0035022881,0.0013684327,0.0013758306,0.0017194402,0.124646954,0.86378586,0.00149646,1
ISIC_0033860,0.011916283,0.007477853,0.03929576,0.15925573,0.00753124,0.007541861,0.15214245,0.011916283,0.51588076,0.098958045,0
ISIC_0033428,0.3705028,0.0037406122,0.09999471,0.29540902,0.00392773,0.003926111,0.18774897,0.3705028,0.026810769,0.007939254,1
ISIC_0027235,0.064482525,0.005569757,0.051145524,0.2372812,0.0054174885,0.005387661,0.02284628,0.064482525,0.58186764,0.026001904,0
ISIC_0029647,0.018244803,0.002189606,0.27720153,0.57779825,0.002145818,0.0021098866,0.09633958,0.018244803,0.0025469991,0.021423528,0
ISIC_0034004,0.020544833,0.012088598,0.16722064,0.046647217,0.011731103,0.0127965575,0.5071601,0.020544833,0.16572087,0.056090172,0
ISIC_0033243,0.01378071,0.0041634343,0.008481235,0.3660236,0.004153149,0.0037323583,0.14548391,0.01378071,0.41981274,0.03436886,0
ISIC_0033574,0.0017713605,0.00054014754,0.00033122496,0.0025413837,0.00061535166,0.0005527401,0.0031450645,0.0017713605,0.98950636,0.0009964424,0
ISIC_0032801,0.0014372017,0.00027889683,7.1444905e-05,0.0007264134,0.00030040575,0.00028940183,0.0002842653,0.0014372017,0.9964488,0.00016306556,0
ISIC_0034184,0.018139191,0.0033098185,0.0065982835,0.0270858,0.0034559846,0.0035964006,0.37933177,0.018139191,0.5502413,0.008241415,0
ISIC_0033963,0.067632906,0.003836623,0.010261495,0.5220406,0.0035399836,0.0038276426,0.02320498,0.067632906,0.34875724,0.016898414,0
ISIC_0028988,0.0016816786,0.0018751713,0.0060930373,0.023083737,0.0020323524,0.0018112857,0.008623785,0.0016816786,0.9473196,0.0074794153,0
ISIC_0026494,0.00753249,0.0070998184,0.06489767,0.18679078,0.006443391,0.0067340955,0.47178012,0.00753249,0.22230566,0.026416058,0
ISIC_0025456,0.0009897659,0.0013383497,0.0006839105,0.001657336,0.001418996,0.0015360207,0.0028155323,0.0009897659,0.98872346,0.00083662395,0
ISIC_0033529,0.034019645,0.0038799362,0.0058040367,0.45141816,0.004238041,0.003852101,0.020671336,0.034019645,0.46742684,0.008689949,0
ISIC_0033392,0.801835,0.0013493795,0.0035312758,0.16508976,0.001465863,0.0013338813,0.0030948464,0.801835,0.020716107,0.0015838202,1
ISIC_0030979,0.006239755,0.0008353061,0.0006755562,0.0038714712,0.0008694511,0.00088803424,0.0035209886,0.006239755,0.98224556,0.00085389847,0
ISIC_0025713,0.008857372,0.002853877,0.0020579023,0.011189205,0.002999844,0.002962209,0.02365255,0.008857372,0.9422903,0.0031366162,0
ISIC_0034030,0.035443984,0.004344581,0.010949761,0.029878903,0.004088325,0.004697397,0.031325843,0.035443984,0.8730389,0.0062323264,0
ISIC_0029028,0.03641314,0.002122217,0.0029928961,0.33784044,0.0021644027,0.0019132535,0.0041673565,0.03641314,0.6049534,0.007432924,1
ISIC_0027297,0.01587851,0.003966094,0.048229232,0.48629317,0.004035983,0.0038052106,0.02133998,0.01587851,0.40025353,0.016198358,0
ISIC_0028264,0.004761822,0.0046317354,0.03002129,0.8219514,0.004097627,0.0051046647,0.07794226,0.004761822,0.0042179073,0.047271144,0
ISIC_0030765,0.15951173,0.0017608934,0.0010252714,0.0021537675,0.0017347435,0.0017381789,0.0016607307,0.15951173,0.8288394,0.0015754435,0
ISIC_0034078,0.0024467795,0.00050842145,0.00024876316,0.0011100898,0.00052725937,0.00053170935,0.00038554487,0.0024467795,0.993427,0.00081449485,0
ISIC_0032019,0.062034454,0.0051982016,0.06387764,0.47339532,0.0054580304,0.0052654115,0.1306148,0.062034454,0.15037024,0.10378589,1
ISIC_0032736,0.7162726,0.0037745808,0.112497106,0.061908245,0.0039435714,0.004302531,0.018524067,0.7162726,0.06539461,0.013382594,1
ISIC_0033596,0.09161758,0.0045309896,0.16007951,0.21287432,0.0044896062,0.004826243,0.2394189,0.09161758,0.25107595,0.031086897,0
ISIC_0028519,0.005470596,0.0013681293,0.80450326,0.08969446,0.001372838,0.0013757139,0.013920151,0.005470596,8.642323e-05,0.08220849,1
ISIC_0027643,0.004353789,0.000934517,0.00051860104,0.003990033,0.00092034397,0.0009588861,0.0018669348,0.004353789,0.9857233,0.0007333833,0
ISIC_0034223,0.0114045525,0.0022945884,0.046884973,0.7604755,0.002336025,0.0022319867,0.06501071,0.0114045525,0.0753918,0.03396988,0
ISIC_0033305,0.073474795,0.0026305658,0.0066574053,0.7851941,0.0024346195,0.0023322913,0.0047802045,0.073474795,0.117785715,0.004710277,0
ISIC_0034093,0.083943926,0.0025779693,0.3698238,0.15140569,0.0027199725,0.003249972,0.35277498,0.083943926,0.010331069,0.023172587,0
ISIC_0032341,0.0038843986,0.0018673129,0.0023411508,0.01079247,0.001729819,0.0021690472,0.038085386,0.0038843986,0.93711025,0.0020200305,0
ISIC_0031720,0.0019673454,0.0014864799,0.003018649,0.024523731,0.001497744,0.0013849523,0.0063425093,0.0019673454,0.9554171,0.00436156,0
ISIC_0033670,0.107217506,0.0015694629,0.001268377,0.17561515,0.0015582087,0.0015350234,0.0023306927,0.107217506,0.7059671,0.0029385712,1
ISIC_0027839,0.042881843,0.003346101,0.003404444,0.10763899,0.0033656184,0.0033767351,0.04169073,0.042881843,0.7879268,0.0063687484,0
ISIC_0028800,0.00033322192,0.000197169,6.7185036e-05,0.00014008067,0.00019835572,0.00019727834,0.00023303698,0.00033322192,0.9985266,0.00010722377,0
ISIC_0033053,0.019451648,0.0008462077,0.000861678,0.0036664766,0.00092205656,0.00083764404,0.007017635,0.019451648,0.9657257,0.00067094056,0
ISIC_0031814,0.0032681965,0.0014642371,0.0036037376,0.20468092,0.001582118,0.0014400636,0.0072350204,0.0032681965,0.75474024,0.021985397,0
ISIC_0029049,0.014188306,0.0045966883,0.038489264,0.031222949,0.0046084914,0.004775211,0.6081659,0.014188306,0.285305,0.008648104,0
ISIC_0032380,0.0034582776,0.0014091297,0.0009993312,0.0029822541,0.0014528452,0.001454244,0.0211203,0.0034582776,0.9650324,0.0020911852,0
ISIC_0032765,0.2590423,0.0033408448,0.022226846,0.31237262,0.0035419036,0.0032746948,0.007514012,0.2590423,0.35363543,0.035051394,0
ISIC_0033641,0.020709185,0.0014359009,0.0010165353,0.0063893893,0.0014605344,0.0014606733,0.004112544,0.020709185,0.96041346,0.0030017626,0
ISIC_0026107,0.24200241,0.0015527423,0.0010577502,0.047665365,0.0016460716,0.0015133116,0.0071673356,0.24200241,0.69577926,0.001615777,0
ISIC_0026890,0.006888675,0.004238026,0.012382995,0.63716847,0.003989176,0.0037702904,0.008477673,0.006888675,0.21490489,0.10817975,0
ISIC_0033938,0.05783517,0.0013240165,0.0006286124,0.0036185272,0.0012523605,0.0013013564,0.003838243,0.05783517,0.9292208,0.0009807723,1
ISIC_0033830,0.0009148827,0.0006484179,0.0002544627,0.00077121163,0.00069652905,0.00066504895,0.0028348975,0.0009148827,0.9927289,0.00048574127,0
ISIC_0026237,0.015138148,0.015849913,0.0233241,0.14876726,0.0153286485,0.015233864,0.15179156,0.015138148,0.39859667,0.21596985,0
ISIC_0034195,0.00295624,0.0004947307,0.00017954376,0.0005928366,0.00043167826,0.00043169517,0.001392379,0.00295624,0.9930588,0.00046215788,0
ISIC_0027310,0.06439233,0.006124922,0.043772664,0.51146936,0.006242671,0.005884336,0.16891931,0.06439233,0.12481431,0.06838002,0
ISIC_0030980,0.06167793,0.008344798,0.020184381,0.05698636,0.007911619,0.009336251,0.6170505,0.06167793,0.20904422,0.009463975,0
ISIC_0025610,0.024491072,0.015170957,0.10724651,0.17076427,0.014595752,0.014538899,0.2054439,0.024491072,0.29660377,0.15114482,0
ISIC_0034217,0.12950695,0.0023955542,0.0025495456,0.015880898,0.0032280248,0.002531742,0.16713215,0.12950695,0.6735799,0.0031951652,0
ISIC_0030281,0.01768007,0.007997717,0.08548217,0.20582008,0.008298199,0.007832753,0.07516555,0.01768007,0.16398229,0.42774126,1
ISIC_0026590,0.029298559,0.0035001205,0.009293585,0.6430924,0.0036427712,0.0037925125,0.0073934305,0.029298559,0.25204024,0.047946356,0
ISIC_0032963,0.020377874,0.0033869073,0.030739445,0.72102183,0.0034117799,0.003787921,0.030628169,0.020377874,0.15988432,0.02676162,0
ISIC_0031649,0.010171118,0.00516671,0.012975921,0.5179168,0.005105275,0.0046087243,0.022828355,0.010171118,0.2255566,0.1956705,0
ISIC_0034190,0.014781587,0.004427407,0.14816624,0.06168253,0.0043206955,0.004403577,0.6427548,0.014781587,0.10494232,0.014520854,0
ISIC_0032463,0.0617081,0.016844787,0.08180814,0.4267741,0.01603709,0.016411664,0.050135236,0.0617081,0.23577444,0.09450644,0
ISIC_0029430,0.0044177133,0.004970631,0.03915092,0.17081393,0.004798272,0.0052016675,0.03318156,0.0044177133,0.69357634,0.043888945,0
ISIC_0031489,0.032231,0.004108583,0.06007191,0.3034358,0.0043447823,0.0037984473,0.16379184,0.032231,0.40220657,0.026011083,0
ISIC_0029343,0.00038377006,0.0010171467,0.00077999645,0.000967686,0.0010249242,0.0009720858,0.008023216,0.00038377006,0.9855509,0.0012801959,1
ISIC_0034068,0.06152301,0.0068338807,0.09013872,0.39438245,0.0065944605,0.007259909,0.12861918,0.06152301,0.17754965,0.12709883,1
ISIC_0027861,0.010353728,0.0011450772,0.47314295,0.4525864,0.0011296754,0.0010887537,0.018307997,0.010353728,0.00015172195,0.042093813,0
ISIC_0032995,0.016914947,0.0031916834,0.020832794,0.17898619,0.0031925396,0.0033688364,0.040676687,0.016914947,0.67228425,0.06055206,0
ISIC_0028512,0.10930645,0.0014775547,0.011072618,0.8063117,0.0013805248,0.001676416,0.0036207289,0.10930645,0.05524681,0.00990727,1
ISIC_0033878,0.50462025,0.0012734187,0.06444344,0.4157617,0.0013065387,0.0012176324,0.0028126773,0.50462025,0.0056997333,0.0028646921,1
ISIC_0033472,0.24653776,0.0044659073,0.057410907,0.2015513,0.0046658055,0.0043625995,0.15269282,0.24653776,0.32281628,0.0054966765,0
ISIC_0032892,0.5895727,0.0049101165,0.18350993,0.15299718,0.005194221,0.0054455423,0.0060539544,0.5895727,0.014020885,0.038295567,1
ISIC_0033105,0.0013829413,0.0015451949,0.0011495091,0.004085655,0.0015377591,0.001498179,0.0045375586,0.0013829413,0.9825512,0.0017120494,0
ISIC_0032912,0.004013551,0.003010346,0.004226591,0.018568723,0.002913775,0.0028124482,0.13194998,0.004013551,0.8276768,0.0048278966,0
ISIC_0032939,0.011511191,0.0008230336,0.00037943732,0.0033344415,0.000864699,0.00083781185,0.0008655661,0.011511191,0.9803845,0.0009993213,0
ISIC_0032979,0.12894717,0.0043159965,0.009677938,0.25566575,0.0043912306,0.004623817,0.5137564,0.12894717,0.0735641,0.005057547,0
ISIC_0033140,0.19765382,0.0017068016,0.0015559079,0.014960711,0.0018410096,0.0016862632,0.0029859731,0.19765382,0.77602935,0.0015802088,0
ISIC_0033234,0.007967147,0.0024341866,0.0043418733,0.00870673,0.0025536607,0.0023667915,0.11405661,0.007967147,0.85371417,0.00385877,0
ISIC_0033313,0.0033089288,0.0038764123,0.13376606,0.16650882,0.0041789333,0.003777114,0.22110248,0.0033089288,0.44522586,0.018255427,0
ISIC_0033381,0.08658362,0.0041121836,0.009195443,0.049752433,0.0046781013,0.0045071966,0.19593142,0.08658362,0.6400636,0.005175982,0
ISIC_0033474,0.46885157,0.004736527,0.0056416737,0.16851547,0.004958462,0.0047262856,0.008180213,0.46885157,0.3260876,0.008302219,0
ISIC_0033890,0.006713388,0.001335573,0.0012581295,0.0075520757,0.0013229579,0.0013421036,0.0052565327,0.006713388,0.9735061,0.001713074,0
ISIC_0033765,0.17067757,0.0026846023,0.001980404,0.08834558,0.0029634943,0.0027154733,0.0027067303,0.17067757,0.7184548,0.009471398,0
ISIC_0033903,0.0027208768,0.0010505915,0.0014339532,0.003948153,0.0010086689,0.00096495746,0.0026252696,0.0027208768,0.9849354,0.0013121328,0
ISIC_0034270,0.009799576,0.0061823796,0.016403724,0.1831197,0.007791535,0.0064388462,0.033413876,0.009799576,0.6860942,0.05075602,0
ISIC_0032181,0.019734548,0.00419265,0.011959008,0.17795694,0.0040674196,0.0048326827,0.24665709,0.019734548,0.521985,0.0086146565,0
ISIC_0025394,0.0015354458,0.0007291832,0.0004017151,0.0045506945,0.00068776263,0.00071586896,0.0016780943,0.0015354458,0.9885519,0.0011493565,1
ISIC_0031299,0.017901212,0.00765479,0.020488983,0.07470634,0.0070064566,0.0066854614,0.0690599,0.017901212,0.7843308,0.012166039,0
ISIC_0033452,0.037921757,0.0019981486,0.003578512,0.02363044,0.002097156,0.002116351,0.011184341,0.037921757,0.9145536,0.0029197473,1
ISIC_0029405,0.0041070175,0.003955466,0.1666802,0.15372476,0.0038032301,0.004666587,0.5166803,0.0041070175,0.06446818,0.08191424,0
ISIC_0031888,0.10037738,0.0056811078,0.047871932,0.52129024,0.0056807203,0.0057282164,0.0112890685,0.10037738,0.1612763,0.14080504,0
ISIC_0029425,0.15366614,0.007324781,0.15987687,0.27425438,0.0068214163,0.007431743,0.09335104,0.15366614,0.19153254,0.105741106,0
ISIC_0034025,0.003875142,0.003476735,0.012315322,0.07085847,0.0033714443,0.0035226718,0.03974167,0.003875142,0.845616,0.017222624,0
ISIC_0034094,0.94260305,0.00069891964,0.0026633635,0.00712804,0.0008057506,0.00074485154,0.0103818,0.94260305,0.03428379,0.0006905114,1
ISIC_0034310,0.1809739,0.0033194218,0.0043790895,0.46911582,0.0033484995,0.0032362621,0.015478134,0.1809739,0.30416378,0.015985092,0
ISIC_0032959,0.015189624,0.0043622903,0.023788068,0.2577865,0.0044314098,0.0043224315,0.6442208,0.015189624,0.032923326,0.012975508,0
ISIC_0028807,0.009690237,0.0038768377,0.18561903,0.03571425,0.003927035,0.0040843063,0.08312381,0.009690237,0.54578286,0.12818171,0
ISIC_0027867,0.011763515,0.007473516,0.007781975,0.14755468,0.0073302514,0.0067745084,0.010483995,0.011763515,0.77205867,0.02877891,0
ISIC_0033526,0.11103564,0.008463646,0.03704617,0.57862633,0.0078075873,0.008390694,0.026244536,0.11103564,0.16911195,0.05327341,1
ISIC_0034069,0.0115902675,0.008526647,0.016527198,0.100421324,0.009071195,0.008265815,0.1019243,0.0115902675,0.72468615,0.018987155,0
ISIC_0033168,0.0049671847,0.0038628583,0.03028114,0.08137996,0.0043099592,0.0041031204,0.04511142,0.0049671847,0.7943308,0.031653587,0
ISIC_0026158,0.026422665,0.0009863963,0.22833717,0.30357742,0.0010995915,0.0010511233,0.4350039,0.026422665,0.00020256646,0.0033191429,1
ISIC_0029242,0.21524179,0.005063696,0.114337705,0.0990664,0.005155882,0.005791805,0.52251667,0.21524179,0.008156066,0.024669997,1
ISIC_0029613,0.016021041,0.0020423005,0.074664414,0.8556265,0.0018504197,0.0017432108,0.013163081,0.016021041,0.0009659392,0.033923056,0
ISIC_0034086,0.048696782,0.0022470872,0.0055740774,0.42927957,0.0024720167,0.002231083,0.006065957,0.048696782,0.49880877,0.0046246625,0
ISIC_0025239,0.045988135,0.004584355,0.008334824,0.049784504,0.0045781317,0.00520696,0.015250434,0.045988135,0.8569115,0.0093613,0
ISIC_0034132,0.113366045,0.016453598,0.22922759,0.24092393,0.014532663,0.017175665,0.06360682,0.113366045,0.055076208,0.24963753,1
ISIC_0025641,0.000603806,0.0002432783,0.00012338246,0.0010414621,0.0002528692,0.00025534027,0.00039560936,0.000603806,0.9968649,0.0002193586,0
ISIC_0030688,0.04049704,0.009105774,0.017084828,0.42291355,0.009736166,0.008487032,0.013851146,0.04049704,0.4398001,0.038524386,0
ISIC_0033844,0.0013523413,0.0012521296,0.00710184,0.018875567,0.0013195107,0.0012800343,0.78316194,0.0013523413,0.18361305,0.0020435879,0
ISIC_0031123,0.004396667,0.006118546,0.073960125,0.15714249,0.00527167,0.0056676366,0.11710268,0.004396667,0.52478474,0.105555415,0
ISIC_0033524,0.060272705,0.0062515833,0.09011121,0.37735638,0.006106799,0.006759309,0.02487635,0.060272705,0.111395754,0.31686988,1
ISIC_0034227,0.009975057,0.0049837953,0.0048008906,0.015977873,0.0054854616,0.005405281,0.08356842,0.009975057,0.86507905,0.0047242926,0
ISIC_0034188,0.05622975,0.0067748353,0.073868684,0.055447735,0.0063153477,0.0070940643,0.63338035,0.05622975,0.13492906,0.025960257,1
ISIC_0033459,0.57561296,0.002187852,0.001080155,0.032741006,0.0024786235,0.002316794,0.029495541,0.57561296,0.3527343,0.0013528132,0
ISIC_0034300,0.021552246,0.0062869387,0.0660005,0.1466406,0.0066927904,0.0064593605,0.2638407,0.021552246,0.4011438,0.08138311,0
ISIC_0030369,0.014348464,0.0033866446,0.019443449,0.5934623,0.003329248,0.0033181147,0.0071727536,0.014348464,0.31937218,0.036166914,0
ISIC_0032258,0.030595098,0.006480721,0.015057209,0.36907372,0.006166332,0.0060648215,0.19808914,0.030595098,0.34311688,0.025356114,1
ISIC_0033960,0.0005034876,0.0005057121,0.00020665662,0.0014062867,0.0005451714,0.00051611196,0.0012577424,0.0005034876,0.99467224,0.0003867567,0
ISIC_0025897,0.0034645845,0.0026663165,0.0022673449,0.035032604,0.0029052133,0.0027909267,0.014976363,0.0034645845,0.93068486,0.0052118255,0
ISIC_0029808,0.00079333637,0.0010192549,0.00038292233,0.0028727648,0.0010574441,0.0009952651,0.0022306358,0.00079333637,0.9895093,0.0011389899,0
ISIC_0033714,0.009516712,0.0019407051,0.0008692303,0.012032675,0.0022798046,0.0021022018,0.008486954,0.009516712,0.95769274,0.0050790207,0
ISIC_0033886,0.007195942,0.0023330667,0.005231885,0.019067926,0.0027661046,0.0023172928,0.012907526,0.007195942,0.8809795,0.06720088,1
ISIC_0030129,0.037596293,0.0057727047,0.046249013,0.16716063,0.005736317,0.005103193,0.11578142,0.037596293,0.5995719,0.017028697,1
ISIC_0027463,0.036276665,0.0025345578,0.019643513,0.59959656,0.0023768663,0.0026105659,0.005686928,0.036276665,0.07245623,0.2588181,0
ISIC_0034154,0.0014383798,0.0016307457,0.002722038,0.052099865,0.0016191691,0.001547609,0.027276156,0.0014383798,0.9098188,0.0018471327,0
ISIC_0034052,0.07486283,0.0006785991,0.00058859924,0.009913474,0.00069251994,0.0006446846,0.00543143,0.07486283,0.90671366,0.00047411775,1
ISIC_0027960,0.15650813,0.005198583,0.17491023,0.5800859,0.0056235213,0.0054155802,0.024424138,0.15650813,0.0014112317,0.046422794,0
ISIC_0030835,0.10161831,0.012147344,0.08983316,0.28870746,0.012200851,0.013530688,0.26352987,0.10161831,0.01808818,0.20034419,0
ISIC_0030229,0.011249421,0.0052539078,0.119356334,0.46727896,0.004799234,0.0054489668,0.119363464,0.011249421,0.22789314,0.039356656,0
ISIC_0026501,0.012825811,0.0065501556,0.008458338,0.03541637,0.0064990236,0.006544734,0.08499107,0.012825811,0.8196907,0.019023838,0
ISIC_0027478,0.029643252,0.0035563444,0.3921966,0.3969302,0.0033343986,0.003683465,0.030705212,0.029643252,0.01168013,0.12827033,0
ISIC_0033422,0.008089821,0.006981919,0.015836252,0.026209032,0.006687707,0.007163105,0.092244625,0.008089821,0.61540926,0.22137831,0
ISIC_0033986,0.0029882877,0.0015551166,0.00075856835,0.008553375,0.0019232655,0.0015673377,0.0023339957,0.0029882877,0.9716488,0.008671406,1
ISIC_0034288,0.05160914,0.00886228,0.033944752,0.18901424,0.00970263,0.00961438,0.109949306,0.05160914,0.5581307,0.029172529,0
ISIC_0030567,0.0028027494,0.004109599,0.00750286,0.15733007,0.0043625035,0.0041671484,0.25732946,0.0028027494,0.5323124,0.030083243,0
ISIC_0034001,0.19884083,0.0033872046,0.020622462,0.576431,0.003356246,0.0032144345,0.008567959,0.19884083,0.16251272,0.023067124,0
ISIC_0028562,0.033411685,0.00867379,0.26140392,0.09582162,0.008734434,0.010085153,0.5218454,0.033411685,0.014422508,0.045601476,0
ISIC_0032511,0.42505035,0.0028117995,0.11289801,0.42252254,0.0031130598,0.0030139084,0.012856536,0.42505035,0.005562995,0.01217079,1
ISIC_0027776,0.07473977,0.007333772,0.020141022,0.58847135,0.007453167,0.00829223,0.028501362,0.07473977,0.19984046,0.06522692,1
ISIC_0033512,0.14504956,0.0047672424,0.46622157,0.012828904,0.004702629,0.0051566395,0.24206112,0.14504956,0.10220082,0.01701155,0
ISIC_0033802,0.067931056,0.0014028363,0.00518038,0.014933835,0.0013365491,0.0013067223,0.0028199994,0.067931056,0.8996751,0.0054135444,1
ISIC_0026497,0.00093861966,0.001009174,0.00060597993,0.0028107755,0.0010996208,0.0011089598,0.0016916156,0.00093861966,0.9895428,0.0011924462,0
ISIC_0034258,0.0018335831,0.00063766894,0.00055096473,0.0015274804,0.00066818524,0.0006764996,0.013999148,0.0018335831,0.97961485,0.0004915324,0
ISIC_0027528,0.02083397,0.0066236346,0.018150544,0.41264468,0.0073325695,0.0066895694,0.011220185,0.02083397,0.3691072,0.14739768,0
ISIC_0033153,0.029250203,0.0014107946,0.0018866614,0.0020742756,0.0013075549,0.0014399923,0.010919589,0.029250203,0.94713145,0.0045794602,0
ISIC_0030139,0.047012553,0.007273203,0.04770028,0.43784472,0.0077209286,0.007212809,0.02671128,0.047012553,0.26564887,0.1528754,0
ISIC_0033676,0.20960091,0.0029606028,0.092980936,0.51266223,0.0025377255,0.0027999706,0.01310338,0.20960091,0.13023049,0.033123694,0
ISIC_0029491,0.595733,0.0018730321,0.08042369,0.044953708,0.0019784577,0.0018298415,0.0035134542,0.595733,0.26541793,0.004276859,0
ISIC_0030105,0.045035284,0.0046637175,0.024309235,0.4574835,0.0044569257,0.0044946647,0.2020692,0.045035284,0.20852242,0.048965022,0
ISIC_0033249,0.06521317,0.001757609,0.0033674315,0.018726232,0.0018392714,0.0019067181,0.075191215,0.06521317,0.83052015,0.0014780675,0
ISIC_0032364,0.2243698,0.006418222,0.007551798,0.094070755,0.006736725,0.00661475,0.006214729,0.2243698,0.62105864,0.026964579,0
ISIC_0034313,0.10718449,0.0040059383,0.091465235,0.2019984,0.0038388025,0.0042824694,0.20175405,0.10718449,0.34810314,0.037367493,1
ISIC_0033760,0.00050147175,0.0006625221,0.00026232935,0.0011297663,0.00070401374,0.00068479864,0.0012086559,0.00050147175,0.9942531,0.0005934184,0
ISIC_0029558,0.07623426,0.0017825166,0.0045457296,0.58591765,0.0017914235,0.001780414,0.0037195624,0.07623426,0.30806994,0.01615866,1
ISIC_0031646,0.027865961,0.0072055063,0.09039598,0.35139,0.0077018277,0.0074564517,0.038211998,0.027865961,0.39252397,0.07724839,0
ISIC_0034155,0.08793681,0.0064156796,0.35791877,0.101905935,0.0065683685,0.0060735377,0.038523134,0.08793681,0.23177496,0.16288279,0
ISIC_0029719,0.39894512,0.0040994654,0.02035517,0.4432729,0.0038147958,0.0037861445,0.060000062,0.39894512,0.061094344,0.0046320762,0
ISIC_0032945,0.008492467,0.009943004,0.018081661,0.0714904,0.010464336,0.009672759,0.298585,0.008492467,0.4840612,0.08920918,0
ISIC_0033616,0.15828875,0.00064022787,0.00024650092,0.001847052,0.0006989363,0.0006604443,0.00036335507,0.15828875,0.83664244,0.0006123046,1
ISIC_0034102,0.030712659,0.011099527,0.025241962,0.05423205,0.010410904,0.011433712,0.16303687,0.030712659,0.67207587,0.021756453,0
ISIC_0034167,0.23253456,0.0011971839,0.015011395,0.6592907,0.0012306307,0.0011244708,0.008858307,0.23253456,0.07787555,0.0028773118,0
ISIC_0034149,0.122364335,0.00560845,0.03027001,0.10376718,0.006537827,0.0055583008,0.009045353,0.122364335,0.6958068,0.021041825,0
ISIC_0032139,0.031499524,0.004487866,0.04133058,0.6642042,0.0050455914,0.004259267,0.020999648,0.031499524,0.029822944,0.19835041,0
ISIC_0028980,0.015033173,0.005588356,0.06408494,0.48365885,0.0054468582,0.0056754346,0.30576012,0.015033173,0.056981582,0.057770688,0
ISIC_0033899,0.003147395,0.00062568125,0.47418642,0.47925672,0.00057537,0.00067445886,0.03295582,0.003147395,0.00048604803,0.008092026,0
ISIC_0033548,0.024072295,0.0017244642,0.00070000597,0.014441942,0.0018479273,0.0017196623,0.0037104196,0.024072295,0.9505361,0.001247091,0
ISIC_0034212,0.019999515,0.004007059,0.0059982794,0.24413057,0.004491155,0.003691259,0.017725667,0.019999515,0.68335027,0.016606264,0
ISIC_0033399,0.77754635,0.0019743636,0.007623538,0.15155597,0.0023009216,0.0019363625,0.0023372078,0.77754635,0.050736893,0.003988354,1
ISIC_0030247,0.04580672,0.0028163127,0.05981135,0.5440275,0.0028137441,0.0028805723,0.012345519,0.04580672,0.25675938,0.07273883,0
ISIC_0034175,0.012583099,0.0027696646,0.016402684,0.56587857,0.003088934,0.0026277914,0.0712366,0.012583099,0.30862722,0.016785486,0
ISIC_0026163,0.0048272903,0.0015128196,0.0062126024,0.011862402,0.001900623,0.0017758958,0.9526542,0.0048272903,0.017269969,0.0019842235,0
ISIC_0033588,0.0049638017,0.0005536998,0.00023119694,0.0018134731,0.0005566538,0.0005397787,0.0007928749,0.0049638017,0.99002457,0.00052388693,0
ISIC_0033584,0.008893569,0.0094817635,0.16982852,0.13892832,0.008662228,0.007998632,0.1822723,0.008893569,0.29838252,0.17555223,0
ISIC_0030630,0.06277182,0.0028371175,0.0063848733,0.20593555,0.002830157,0.0024993827,0.01962222,0.06277182,0.6918983,0.005220665,0
ISIC_0031853,0.027355572,0.0064661102,0.019351063,0.5194982,0.0076233554,0.0069441632,0.014476486,0.027355572,0.21660917,0.18167584,0
ISIC_0033978,0.03381977,0.016300907,0.100802355,0.08587202,0.015770024,0.015625885,0.25183126,0.03381977,0.2999689,0.18000887,0
ISIC_0032308,0.36024305,0.0030576254,0.05881213,0.52534026,0.0029594102,0.0032533545,0.00993303,0.36024305,0.016619368,0.019781863,1
ISIC_0033352,0.024498614,0.0065018344,0.0040641534,0.03353323,0.006966342,0.0072909766,0.009289357,0.024498614,0.8902611,0.017594289,0
ISIC_0031527,0.0013739789,0.0009298049,0.06833961,0.0121456785,0.00087322324,0.0010410253,0.91148245,0.0013739789,0.0014300727,0.0023840924,0
ISIC_0033620,0.058613956,0.0021494797,0.004967439,0.007961918,0.002329584,0.002152841,0.006431108,0.058613956,0.888027,0.027366688,0
ISIC_0034040,0.15609702,0.0021301478,0.0028032274,0.017199961,0.0027063552,0.0021501854,0.004196645,0.15609702,0.7849219,0.027794514,0
ISIC_0032402,0.006721221,0.003020022,0.006169157,0.011791055,0.0033376794,0.0032233016,0.2707592,0.006721221,0.68759936,0.00737898,0
ISIC_0034309,0.060516566,0.0066841333,0.01417135,0.100984864,0.006916258,0.007204134,0.17063169,0.060516566,0.5215664,0.111324646,0
ISIC_0032900,0.034683216,0.0035595838,0.0058918367,0.03716078,0.004270258,0.003733236,0.2397784,0.034683216,0.6617407,0.009181944,0
ISIC_0033898,0.011215325,0.0064803674,0.022064663,0.15222354,0.0060741785,0.005819703,0.2378156,0.011215325,0.54240316,0.015903538,0
ISIC_0033173,0.0126217455,0.0047301273,0.01339324,0.038867876,0.0048717703,0.004696935,0.15418202,0.0126217455,0.759453,0.0071832,0
ISIC_0032647,0.031905156,0.004868932,0.00647356,0.11917491,0.005270982,0.005175871,0.06040997,0.031905156,0.74338007,0.023340546,0
ISIC_0024715,0.002430968,0.0028491851,0.006013842,0.015846094,0.003197594,0.0033332573,0.5023612,0.002430968,0.45816895,0.005798917,0
ISIC_0029152,0.008076373,0.0054818722,0.0129629625,0.037955668,0.00552424,0.0052648177,0.17109416,0.008076373,0.74411434,0.009525533,0
ISIC_0032800,0.020561574,0.0045785955,0.0034762272,0.086669646,0.004812765,0.0043417374,0.04808032,0.020561574,0.81073684,0.016742356,0
ISIC_0033622,0.004730051,0.0062615424,0.009849318,0.038354333,0.0070298063,0.0064859837,0.2067261,0.004730051,0.692496,0.028066898,0
ISIC_0027689,0.0027554617,0.0015120049,0.0017639295,0.012142209,0.0017018713,0.0015339473,0.0063135787,0.0027554617,0.94232255,0.029954577,0
ISIC_0034138,0.007489437,0.004788513,0.049064398,0.0689299,0.004608098,0.0051974724,0.04778548,0.007489437,0.80514145,0.0069952733,0
ISIC_0025450,0.025883352,0.007833733,0.013509258,0.04101372,0.008837812,0.0075801536,0.5062123,0.025883352,0.35268492,0.036444727,1
ISIC_0027983,0.012949811,0.0055689146,0.055683475,0.22471082,0.005907371,0.0063870326,0.4967967,0.012949811,0.1127883,0.07920765,0
ISIC_0034216,0.8312621,0.000891378,0.00952666,0.0759846,0.00079675525,0.00087179866,0.0121059865,0.8312621,0.027347958,0.04121272,1
ISIC_0033601,0.36270815,0.0010030647,0.017459631,0.5243706,0.0011301615,0.0009832134,0.08921402,0.36270815,0.0009871506,0.0021440105,0
ISIC_0031650,0.0034545052,0.0009987231,0.0052213804,0.08684807,0.00097645615,0.0009509301,0.0029991528,0.0034545052,0.89470094,0.0038498712,0
ISIC_0032096,0.12520693,0.0039868196,0.017091107,0.49723646,0.004015514,0.004164496,0.014536904,0.12520693,0.30370292,0.03005881,0
ISIC_0034224,0.021142928,0.018967602,0.06360235,0.0844106,0.018729193,0.019823564,0.3529901,0.021142928,0.08268065,0.33765298,0
ISIC_0033458,0.039442502,0.0021371236,0.17505382,0.05459937,0.0021606483,0.0023196395,0.7056383,0.039442502,0.013686568,0.0049621216,0
ISIC_0028903,0.012045878,0.0008411591,0.00019003397,0.00055170443,0.00083150825,0.0008169243,0.0005875391,0.012045878,0.98381853,0.00031675573,0
ISIC_0031893,0.030008728,0.007778144,0.024767738,0.4934002,0.0089693265,0.008136363,0.066212736,0.030008728,0.30455068,0.056175984,0
ISIC_0033961,0.0011080361,0.00082274445,0.00043171775,0.00096719124,0.0008920082,0.00086350413,0.0034294892,0.0011080361,0.99086285,0.00062245165,0
ISIC_0033354,0.2467591,0.0024294027,0.61086935,0.038440995,0.0026893725,0.0027951978,0.032364335,0.2467591,0.005525413,0.058126815,0
ISIC_0028045,0.012501428,0.0042876285,0.017761903,0.05470577,0.004092282,0.004252475,0.037048392,0.012501428,0.85388035,0.011469836,0
ISIC_0031988,0.013495335,0.016255016,0.10469329,0.17108378,0.015568371,0.015830124,0.17748833,0.013495335,0.3218603,0.1637255,0
ISIC_0030741,0.0065301247,0.010604027,0.13380478,0.19538122,0.009995504,0.009414095,0.2490758,0.0065301247,0.2517925,0.13340198,0
ISIC_0028992,0.066959605,0.009427809,0.05397589,0.5668502,0.010492628,0.009749519,0.08782226,0.066959605,0.1261547,0.06856743,0
ISIC_0031759,0.0015782387,0.0007344145,0.030422226,0.0063423337,0.00084354804,0.0008129172,0.95551795,0.0015782387,0.0019530746,0.0017953612,0
ISIC_0033088,0.5339246,0.0019151379,0.011086374,0.4225695,0.0019763827,0.001995178,0.016870802,0.5339246,0.006512253,0.0031497627,0
ISIC_0031515,0.006480537,0.0039590145,0.15095866,0.34738323,0.004286132,0.004174425,0.02952269,0.006480537,0.15716949,0.29606587,0
ISIC_0033782,0.0048256945,0.011282905,0.018330712,0.047132403,0.012732558,0.011480574,0.14155298,0.0048256945,0.551933,0.20072928,0
ISIC_0027250,0.009439888,0.0070456564,0.15302178,0.1840488,0.006961336,0.0069446797,0.124748126,0.009439888,0.45349106,0.054298636,0
ISIC_0032528,0.0012711239,0.000853369,0.00033950905,0.0045040306,0.00093498564,0.0008731385,0.0007428868,0.0012711239,0.9892359,0.0012451794,0
ISIC_0033544,0.004859129,0.0017670194,0.0010197691,0.020604433,0.0017206371,0.0015059753,0.0056141946,0.004859129,0.9592412,0.0036676128,0
ISIC_0032242,0.00060783204,0.0006950387,0.00027578993,0.00054685096,0.0007262146,0.0006779577,0.001052883,0.00060783204,0.99461824,0.0007993183,0
ISIC_0028380,0.0110028945,0.0072055007,0.06288194,0.076388046,0.006564966,0.0073010833,0.3955074,0.0110028945,0.41725025,0.015897961,0
ISIC_0033731,0.025983496,0.01599787,0.016594477,0.102915205,0.016564263,0.016631024,0.358667,0.025983496,0.41793177,0.028714884,0
ISIC_0033495,0.01749661,0.005705487,0.17971502,0.22586997,0.0067186877,0.0054772827,0.06516498,0.01749661,0.20707397,0.286778,0
ISIC_0033564,0.30406427,0.0018683908,0.0036158431,0.05082184,0.002000343,0.0019601602,0.0022162446,0.30406427,0.63216823,0.0012847476,0
ISIC_0033908,0.40502396,0.0020266406,0.23830631,0.12726437,0.0022908,0.0024069154,0.21906613,0.40502396,0.00076840445,0.0028463963,0
ISIC_0028670,0.13474941,0.008343961,0.1090348,0.16901322,0.008652763,0.009397621,0.32163084,0.13474941,0.20705922,0.03211817,0
ISIC_0033975,0.041072648,0.00669514,0.028443104,0.21330193,0.006213921,0.0069276723,0.23301701,0.041072648,0.31870463,0.1456239,1
ISIC_0026360,0.018652817,0.0033206441,0.0077038268,0.15256603,0.0036198546,0.0033732464,0.01799049,0.018652817,0.78636587,0.006407223,1
ISIC_0034014,0.23040235,0.0030105163,0.0351388,0.13660018,0.0033408806,0.0029700478,0.00856046,0.23040235,0.5633783,0.016598469,0
ISIC_0030383,0.044019293,0.011114477,0.109121025,0.5784986,0.011710072,0.011693141,0.02222693,0.044019293,0.027090747,0.18452579,0
ISIC_0033809,0.0030579357,0.006987472,0.013784471,0.015204297,0.0075506754,0.0068772817,0.12180095,0.0030579357,0.801483,0.023253923,0
ISIC_0033147,0.82034314,0.0036190958,0.008148751,0.12456303,0.0042476817,0.0040796828,0.006370955,0.82034314,0.019037468,0.009590131,0
ISIC_0029872,0.13284259,0.0035209896,0.054648705,0.4893802,0.0034046378,0.0036039893,0.22157684,0.13284259,0.07518401,0.015838033,0
ISIC_0033258,0.812225,0.0016084714,0.026879728,0.13446234,0.0016418559,0.0014730431,0.005031712,0.812225,0.015055485,0.0016223717,1
ISIC_0032935,0.0029614375,0.0006172002,0.00056414615,0.014690059,0.000671417,0.0006291493,0.0013358145,0.0029614375,0.9771673,0.0013635831,0
ISIC_0034067,0.13508812,0.0017552543,0.0007017574,0.008899687,0.001691542,0.0015157844,0.008437141,0.13508812,0.840429,0.0014817088,0
ISIC_0029682,0.21117125,0.0026249427,0.0017054424,0.03278773,0.002868783,0.0025164604,0.0033655406,0.21117125,0.7406928,0.002267027,0
ISIC_0033052,0.35647961,0.0016948652,0.0026797894,0.097307466,0.001735758,0.0013685048,0.048059423,0.35647961,0.4892451,0.0014295861,0
ISIC_0033926,0.76467544,0.0020539016,0.0030601404,0.039622482,0.0022396662,0.0022208525,0.0030578503,0.76467544,0.17863402,0.004435633,0
ISIC_0034051,0.3093252,0.0032544732,0.004247148,0.060935296,0.0031603947,0.003283672,0.13931376,0.3093252,0.47372118,0.002758949,1
ISIC_0034166,0.010038765,0.0027782717,0.00353762,0.014978314,0.0027032092,0.0028866564,0.045240756,0.010038765,0.91509247,0.002743947,0
ISIC_0033098,0.00018912961,0.00032677266,0.00022769508,0.00036650043,0.0003107518,0.00032203583,0.00072506483,0.00018912961,0.9972954,0.00023679482,0
ISIC_0033864,0.020056317,0.0019809122,0.0082498975,0.028480021,0.0022187608,0.0022562128,0.025305143,0.020056317,0.9004807,0.01097201,0
ISIC_0033571,0.0050083874,0.0035959121,0.1918699,0.23923497,0.0037729635,0.004078784,0.086939305,0.0050083874,0.084159434,0.38134038,0
ISIC_0034215,0.0017312476,0.0003024581,9.235746e-05,0.0006398612,0.0003050121,0.00030049385,0.0006993966,0.0017312476,0.9957865,0.00014273715,0
ISIC_0033587,0.2467108,0.0017501321,0.0013428803,0.35455048,0.0017324015,0.0015931035,0.0014224469,0.2467108,0.38558668,0.005311012,0
ISIC_0034293,0.0048108664,0.0015066975,0.0011077315,0.018743675,0.0015338992,0.0015044304,0.019092856,0.0048108664,0.9493248,0.0023751452,0
ISIC_0029726,0.03440643,0.0009999514,0.022967305,0.91820955,0.001182791,0.0009625125,0.008019505,0.03440643,0.00032793923,0.0129239485,1
ISIC_0031309,0.0050271107,0.0036885017,0.10823673,0.060629703,0.0038481434,0.0041353316,0.6731238,0.0050271107,0.091363646,0.049947087,0
ISIC_0033773,0.4284248,0.0026502744,0.012686572,0.3808288,0.0029238837,0.002612864,0.0031139415,0.4284248,0.1509792,0.015779682,1
ISIC_0034165,0.062711366,0.007856584,0.0822187,0.52216417,0.0072178147,0.007875792,0.03986181,0.062711366,0.121605895,0.1484879,0
ISIC_0033935,0.021453438,0.0014213985,0.0009309291,0.006225919,0.0013360052,0.0013471715,0.017817618,0.021453438,0.94770366,0.0017638522,0
ISIC_0034266,0.005545357,0.009209002,0.022143858,0.047303945,0.009336466,0.009359492,0.44183832,0.005545357,0.42450505,0.030758435,0
ISIC_0026996,0.004592137,0.0026022757,0.0020698372,0.036384776,0.0026504465,0.0024981988,0.029961014,0.004592137,0.91616076,0.0030806025,1
ISIC_0030211,0.99496764,0.00029823353,0.0018198801,0.0011478594,0.00036738403,0.00030598315,0.0006930406,0.99496764,0.00022235773,0.000177679,1
ISIC_0030378,0.0007699361,0.00057282136,0.0070761736,0.0027290818,0.0005295777,0.0005229406,0.010306222,0.0007699361,0.97652084,0.00097241235,0
ISIC_0034002,0.1648662,0.00586843,0.03412824,0.070331305,0.005750619,0.0062091476,0.35986564,0.1648662,0.3468584,0.00612204,1
ISIC_0030184,0.0004268723,0.00102879,0.00052138575,0.0025138871,0.0010791494,0.001195033,0.0017123094,0.0004268723,0.9901394,0.0013830315,0
ISIC_0033732,0.010453713,0.0009623944,0.0015594488,0.8752964,0.000918911,0.0009765927,0.004231506,0.010453713,0.09654019,0.009060842,0
ISIC_0034091,0.014053011,0.0015925801,0.05459697,0.7869106,0.0015360364,0.0015435502,0.055351555,0.014053011,0.07877148,0.005644304,0
ISIC_0033994,0.042405274,0.007825481,0.009111611,0.11863152,0.008432376,0.008499385,0.1685183,0.042405274,0.61372846,0.022847483,0
ISIC_0029216,0.016866801,0.004319653,0.4030156,0.2086265,0.004042371,0.004242554,0.2971235,0.016866801,0.029146433,0.03261666,1
ISIC_0025863,0.17671159,0.0005810733,0.00027378128,0.0016909197,0.0005330006,0.0005244324,0.00043102284,0.17671159,0.8188564,0.00039776508,0
ISIC_0034219,0.11892797,0.0021460818,0.00146999,0.2373205,0.002201884,0.0020402153,0.008551522,0.11892797,0.6199886,0.0073532076,0
ISIC_0033753,0.005484208,0.00089736516,0.000474969,0.0040711667,0.001063779,0.00084573793,0.0014950911,0.005484208,0.98143923,0.0042285756,0
ISIC_0034171,0.004130777,0.00037426033,0.00014411623,0.0037109924,0.00036590497,0.00035824542,0.000718695,0.004130777,0.98964834,0.0005486551,0
ISIC_0034286,0.030883912,0.011021069,0.16267107,0.14261115,0.011171821,0.011215063,0.45835778,0.030883912,0.14396703,0.028101021,0
ISIC_0032571,0.013196868,0.006038855,0.00996743,0.13819918,0.00612073,0.0058922735,0.030849954,0.013196868,0.76128614,0.02844857,0
ISIC_0032591,0.002550762,0.00015884635,7.713309e-05,0.00033482548,0.00015782578,0.00015484657,0.0001691943,0.002550762,0.9962802,0.000116410665,0
ISIC_0032606,0.00086011685,0.0003290594,0.00016249604,0.0023271756,0.0003359635,0.00030776844,0.00035900247,0.00086011685,0.99497986,0.00033863608,0
ISIC_0032634,0.035732556,0.0022757633,0.003041695,0.30588633,0.0023727675,0.002131334,0.003309929,0.035732556,0.6394305,0.0058191265,0
ISIC_0032635,0.007024488,0.00093740894,0.0008894221,0.0020586734,0.0009555855,0.00085991586,0.0021175684,0.007024488,0.98201007,0.0031469502,0
ISIC_0032759,0.043199886,0.0014719387,0.002399048,0.08099304,0.002079382,0.0015994752,0.006319351,0.043199886,0.8519684,0.009969643,0
ISIC_0032956,0.0012529836,0.00025740778,9.157569e-05,0.0009146533,0.00027291244,0.00025561967,0.0002832779,0.0012529836,0.99641937,0.000252186,0
ISIC_0032996,0.0019330226,0.0050628707,0.0036016714,0.010701563,0.0054491973,0.0048583956,0.03302497,0.0019330226,0.9267089,0.008659284,0
ISIC_0033036,0.029964535,0.00047759197,0.00021616179,0.004219664,0.00055398804,0.0005066799,0.00040058122,0.029964535,0.96314234,0.0005186912,0
ISIC_0033039,0.0006502575,0.00044419998,0.00017159076,0.0013345794,0.00048100698,0.00043997454,0.0006962244,0.0006502575,0.99510366,0.0006785222,0
ISIC_0032562,0.0028202024,0.00088490034,0.0005323329,0.010699525,0.0008690048,0.00081348,0.0016067121,0.0028202024,0.9763714,0.0054023513,0
ISIC_0033066,0.1244028,0.00246663,0.001784147,0.062070306,0.0030942908,0.0025889722,0.0022345996,0.1244028,0.78272605,0.018632365,0
ISIC_0033072,0.039650474,0.0085331835,0.019937284,0.1913939,0.009865053,0.008058719,0.21390787,0.039650474,0.48499027,0.023663199,0
ISIC_0033101,0.018772794,0.00921664,0.058817726,0.27545342,0.00892503,0.008733685,0.21903928,0.018772794,0.33160403,0.06943735,0
ISIC_0033383,0.006143303,0.0005760385,0.00038272262,0.0026037004,0.0005696527,0.0005626312,0.0019316915,0.006143303,0.9865877,0.00064270303,0
ISIC_0033421,0.0048536416,0.0027451252,0.0027599277,0.07285664,0.0032093138,0.0027200484,0.004400528,0.0048536416,0.8947058,0.011749017,0
ISIC_0033467,0.0018241616,0.0008699392,0.00038826535,0.0039928714,0.00096724386,0.00090695097,0.0043476927,0.0018241616,0.9823726,0.004330276,0
ISIC_0033481,0.009766031,0.0035350367,0.0039012574,0.09662698,0.0040490995,0.0033754357,0.005821261,0.009766031,0.8626094,0.010315417,0
ISIC_0033556,0.02333166,0.0012519284,0.0016055153,0.04852724,0.0013543107,0.00117838,0.0011757324,0.02333166,0.9130191,0.008556287,0
ISIC_0033567,0.002434584,0.005763407,0.014125183,0.022774024,0.0066386373,0.005405796,0.038045943,0.002434584,0.7919135,0.11289894,0
ISIC_0033602,0.011178154,0.0027760358,0.002400777,0.022809533,0.0032388752,0.003085777,0.4298813,0.011178154,0.5212697,0.0033599485,0
ISIC_0033623,0.012604435,0.0020004113,0.004142397,0.03998954,0.0025955108,0.0021112328,0.0025984433,0.012604435,0.9203293,0.013628857,0
ISIC_0033647,0.00095111923,0.002091356,0.0011976328,0.008668529,0.0023336867,0.0020040225,0.010462796,0.00095111923,0.96969026,0.002600586,0
ISIC_0033772,0.0025822509,0.00026880542,0.0001537174,0.0006155637,0.00026541195,0.00026386554,0.00025867907,0.0025822509,0.9952799,0.0003118777,0
ISIC_0033797,0.008831814,0.0012214524,0.0021959369,0.013352275,0.0013822512,0.001204668,0.0021128177,0.008831814,0.9658427,0.0038560312,0
ISIC_0033826,0.023840034,0.0071471557,0.0076252394,0.039934583,0.0082910275,0.007902867,0.2520603,0.023840034,0.6446777,0.008521224,0
ISIC_0033858,0.0048122755,0.00055380346,0.00064725184,0.0073499754,0.0007379538,0.0005941765,0.0010426398,0.0048122755,0.9812061,0.003055544,0
ISIC_0033892,0.0018130977,0.0007176249,0.0008604756,0.058899235,0.0008111044,0.00073139084,0.008436656,0.0018130977,0.92636836,0.0013621727,0
ISIC_0034075,0.00036435682,0.0003082444,0.00015497736,0.00068876654,0.00032467447,0.00030205725,0.0005011279,0.00036435682,0.9969167,0.00043918865,0
ISIC_0034081,0.021353839,0.0009097933,0.00095621933,0.016969433,0.0012976092,0.0009220289,0.0012538984,0.021353839,0.94769377,0.008643522,0
ISIC_0034082,0.0015043839,0.00068255636,0.00046341043,0.01269482,0.0008152866,0.0006982347,0.0016457906,0.0015043839,0.9785518,0.0029438343,0
ISIC_0034114,0.012676616,0.009376024,0.013738369,0.21358173,0.010426149,0.008929319,0.14909008,0.012676616,0.5253558,0.056825895,0
ISIC_0034228,0.017254982,0.0020417736,0.0015004221,0.026244247,0.0021041622,0.0019758386,0.0017650229,0.017254982,0.9441206,0.0029929355,0
ISIC_0034248,0.011168917,0.0016373454,0.0014739451,0.044043414,0.0016594135,0.0015208753,0.0018401126,0.011168917,0.9332239,0.003432206,0
ISIC_0034302,0.011383655,0.0011108861,0.0011957249,0.017318364,0.0014880161,0.0011276709,0.0016186059,0.011383655,0.95821714,0.0065399907,0
ISIC_0034312,0.0012336855,0.0071087615,0.0069966996,0.056554258,0.0076558925,0.006629715,0.09834843,0.0012336855,0.80182326,0.013649444,0
ISIC_0033887,0.12477716,0.001766165,0.004224896,0.033644687,0.0018399602,0.0017489644,0.0103229415,0.12477716,0.8199955,0.0016796822,0
ISIC_0031757,0.1064963,0.0008807836,0.0006070294,0.0017427652,0.00087581354,0.00089295267,0.0028800636,0.1064963,0.88523,0.00039444808,0
ISIC_0027194,0.070137106,0.0029807796,0.017818417,0.6647256,0.0034138446,0.0035090018,0.0051917764,0.070137106,0.16700612,0.06521736,0
ISIC_0034128,0.0005925815,0.001092078,0.00048278025,0.0014266699,0.0011821708,0.0011339918,0.0025238446,0.0005925815,0.9909059,0.00065983407,0
ISIC_0029396,0.013308181,0.0064595947,0.05150522,0.2580467,0.006379468,0.0061207986,0.0436476,0.013308181,0.5240587,0.09047378,0
ISIC_0033877,0.0012106376,0.0031850245,0.0029747742,0.009910725,0.003364113,0.00302966,0.04397103,0.0012106376,0.9212994,0.011054449,0
ISIC_0034284,0.64164126,0.0021378396,0.005701126,0.045293216,0.0021874183,0.0022325187,0.0058025117,0.64164126,0.2637638,0.031240357,1
ISIC_0033884,0.03703744,0.005835846,0.026545633,0.7414328,0.0065247337,0.0063898177,0.00791984,0.03703744,0.069399185,0.0989147,0
ISIC_0033854,0.00780756,0.008934961,0.10399542,0.47395688,0.009294076,0.008500825,0.19272916,0.00780756,0.12884478,0.06593626,0
ISIC_0033264,0.39257863,0.0029056452,0.0115217995,0.49409682,0.003030516,0.0030081875,0.006969288,0.39257863,0.06977069,0.016118526,0
ISIC_0033783,0.18600105,0.0019156473,0.115748584,0.66157395,0.0018759143,0.001701879,0.011418956,0.18600105,0.013247296,0.006516715,0
ISIC_0025786,0.024112327,0.007479968,0.05080989,0.5179137,0.007990537,0.007886196,0.01752857,0.024112327,0.2905089,0.075769976,0
ISIC_0026296,0.0091823805,0.0051691704,0.011634632,0.20615327,0.00559249,0.004943589,0.026585689,0.0091823805,0.6894888,0.04124999,1
ISIC_0031145,0.0038739368,0.011557395,0.014564539,0.05140797,0.011699375,0.011826753,0.040740103,0.0038739368,0.76974285,0.0845871,0
ISIC_0034308,0.00818682,0.002564013,0.0032235545,0.039195158,0.0024354511,0.002402216,0.007841408,0.00818682,0.9316085,0.0025428622,0
ISIC_0033811,0.07193256,0.004582863,0.046207648,0.647712,0.0045044017,0.0050206715,0.028547022,0.07193256,0.11076557,0.08072725,0
ISIC_0033206,0.6790627,0.0016561773,0.0015144813,0.017280173,0.0015865846,0.0015760744,0.0037711689,0.6790627,0.29250777,0.001044859,1
ISIC_0034281,0.22469781,0.009892203,0.044625442,0.0971662,0.010443328,0.01038573,0.16810833,0.22469781,0.37495008,0.059730936,0
ISIC_0033029,0.012525904,0.010521753,0.046621874,0.11339084,0.010688753,0.009964406,0.29052493,0.012525904,0.4748396,0.030921916,1
ISIC_0033932,0.1967474,0.0026483126,0.002985997,0.24608593,0.0028987469,0.0025010486,0.010423325,0.1967474,0.5300827,0.005626596,0
ISIC_0034316,0.57981485,0.0026388946,0.17639463,0.16466078,0.002662507,0.0026947479,0.064189754,0.57981485,0.0018035475,0.005140316,1
ISIC_0032158,0.105940476,0.010273138,0.14862923,0.20581646,0.010352558,0.010310473,0.16645326,0.105940476,0.2832726,0.058951754,0
ISIC_0033522,0.8971804,0.0014150627,0.002047088,0.043216567,0.0015188925,0.0014525497,0.0020374951,0.8971804,0.0486974,0.0024345731,1
ISIC_0030555,0.01786435,0.0021407057,0.0207934,0.017732505,0.0020562557,0.0024926474,0.8264746,0.01786435,0.10208406,0.008361555,0
ISIC_0033785,0.005614035,0.005204515,0.3802458,0.111409895,0.004871385,0.005000785,0.44431573,0.005614035,0.0037046354,0.039633207,0
ISIC_0031967,0.033631884,0.00493437,0.034638185,0.54733676,0.0054120454,0.00526162,0.020815006,0.033631884,0.30225304,0.045717176,0
ISIC_0027976,0.037786443,0.0035967182,0.31504092,0.49330434,0.0035823938,0.0034237448,0.05994132,0.037786443,0.023296675,0.060027488,0
ISIC_0032678,0.0003922097,0.0012103943,0.0007573486,0.003075506,0.0012421793,0.0012148434,0.0032869899,0.0003922097,0.98767674,0.001143814,0
ISIC_0033208,0.0012340985,0.0016218642,0.0022389342,0.14272766,0.0017160726,0.0015933423,0.008031676,0.0012340985,0.83793736,0.0028991066,0
ISIC_0033577,0.0040470506,0.0062790476,0.011946931,0.0603503,0.006762949,0.00586195,0.16026168,0.0040470506,0.7325684,0.011921823,0
ISIC_0033690,0.005641095,0.004486794,0.0048372885,0.13825224,0.0048374706,0.0040491126,0.022622675,0.005641095,0.80324537,0.012027864,0
ISIC_0033895,0.0074934433,0.005601906,0.0128091965,0.38072446,0.0066204383,0.0054385127,0.092698686,0.0074934433,0.42756557,0.061047774,0
ISIC_0033896,0.0038808994,0.006127938,0.010199599,0.08209511,0.007021627,0.0063383724,0.037648972,0.0038808994,0.7877859,0.058901716,0
ISIC_0033970,0.014599155,0.0029199517,0.004443533,0.1505063,0.0029777712,0.0028200531,0.015440327,0.014599155,0.80018723,0.0061057457,0
ISIC_0034193,0.0010521709,0.0012638255,0.0009313275,0.0028767984,0.0012984398,0.001334932,0.007878922,0.0010521709,0.9825581,0.0008054799,0
ISIC_0034250,0.0014829597,0.0022149421,0.0025068258,0.1629237,0.0027585502,0.0024411285,0.008177067,0.0014829597,0.79542553,0.022069205,0
ISIC_0026371,0.0012683541,0.0008632596,0.0018002049,0.0829915,0.000876384,0.00095850334,0.00826773,0.0012683541,0.89743775,0.005536364,0
ISIC_0027721,0.05308326,0.012934694,0.20390598,0.5641718,0.010737001,0.012518356,0.024603594,0.05308326,0.00706738,0.110978,1
ISIC_0033723,0.05574115,0.0050348765,0.012046608,0.5187303,0.0057085115,0.0056515257,0.16945003,0.05574115,0.21228223,0.015354777,0
ISIC_0027138,0.00528931,0.0038974707,0.021320576,0.1090303,0.003825162,0.0040558856,0.6978113,0.00528931,0.14466926,0.0101007065,0
ISIC_0034278,0.14438812,0.0030006322,0.0029480562,0.2645537,0.0033147396,0.0029388769,0.023909407,0.14438812,0.54931456,0.0056320215,0
ISIC_0029072,0.01500082,0.011897963,0.026652107,0.061364826,0.012223079,0.011476475,0.06524573,0.01500082,0.76753795,0.028601125,0
ISIC_0033821,0.014838221,0.0027922702,0.010556676,0.14227425,0.0032239368,0.0027843048,0.005799931,0.014838221,0.7202731,0.09745726,0
ISIC_0033395,0.023525905,0.00076181156,0.0013019773,0.014907332,0.0008279363,0.0007957124,0.00371738,0.023525905,0.9528126,0.001349352,0
ISIC_0030681,0.5064628,0.0016941907,0.002643171,0.039675985,0.0019692455,0.0017330485,0.030585712,0.5064628,0.41274604,0.00248981,1
ISIC_0033500,0.14035712,0.0024240625,0.048922054,0.75749767,0.0022672394,0.0021984428,0.0074583525,0.14035712,0.012147474,0.026727691,1
ISIC_0034125,0.26324108,0.004410256,0.0086494805,0.31240976,0.0047191367,0.004403307,0.009463435,0.26324108,0.36229214,0.03041147,0
ISIC_0032428,0.010520975,0.0019323685,0.0015504304,0.006521842,0.0019588233,0.0017506067,0.0024621605,0.010520975,0.97076434,0.0025384282,0
ISIC_0033796,0.16449313,0.0019789198,0.00092476077,0.04538005,0.00199528,0.0017688469,0.0032608788,0.16449313,0.7771594,0.0030386203,0
ISIC_0031293,0.0117789395,0.0074817254,0.046099193,0.14869273,0.0077232528,0.007961525,0.19607656,0.0117789395,0.5289681,0.045217916,0
ISIC_0033688,0.0014652692,0.0012948816,0.004019884,0.08694637,0.0013277249,0.001203397,0.01221856,0.0014652692,0.88773197,0.0037920785,0
ISIC_0032789,0.0002117794,0.00033610614,0.00024891968,0.0030759044,0.00037105702,0.00035060875,0.0006543106,0.0002117794,0.9933262,0.0014252302,0
ISIC_0033582,0.27646062,0.0056313924,0.025808794,0.28581417,0.0056513906,0.0058586835,0.015773723,0.27646062,0.18895134,0.1900499,0
ISIC_0033922,0.011322427,0.009628951,0.049158257,0.046990037,0.009443545,0.009485482,0.06287595,0.011322427,0.7757003,0.025395114,0
ISIC_0031825,0.019841377,0.002315708,0.06904067,0.81126213,0.0026283746,0.0024053997,0.043236595,0.019841377,0.002320002,0.046949845,0
ISIC_0030882,0.0018300122,0.0011766881,0.002660521,0.0025677108,0.0013380465,0.0013369714,0.96852154,0.0018300122,0.01928012,0.0012883154,0
ISIC_0034126,0.04008961,0.0019524988,0.00847392,0.5766017,0.0019661367,0.0019449119,0.0047847647,0.04008961,0.35075632,0.013430129,0
ISIC_0032421,0.006488412,0.0060098707,0.014413473,0.086861715,0.0061931307,0.0056246943,0.07548286,0.006488412,0.76973224,0.02919356,0
ISIC_0027334,0.0143428,0.004882959,0.014531078,0.16894995,0.0049991845,0.005826453,0.5289176,0.0143428,0.24346057,0.014089393,0
ISIC_0031188,0.0071258866,0.001229544,0.000748926,0.0021922418,0.0011819551,0.0012323251,0.00566012,0.0071258866,0.9794038,0.001225327,0
ISIC_0030417,0.07571212,0.0023517439,0.013269653,0.8238639,0.0025391493,0.0025528462,0.022747684,0.07571212,0.03428433,0.022678668,1
ISIC_0027487,0.046823274,0.009508374,0.18945104,0.10567131,0.009319763,0.009826988,0.25867614,0.046823274,0.2871784,0.08354472,1
ISIC_0033840,0.0030279718,0.004245005,0.008214182,0.01425719,0.0045183874,0.004268117,0.35105473,0.0030279718,0.6059471,0.0044673593,0
ISIC_0033628,0.0015054179,0.001201494,0.0006307137,0.0046985005,0.0013127641,0.0010348462,0.0059739244,0.0015054179,0.9819819,0.0016603671,0
ISIC_0030273,0.11945981,0.003032103,0.0074039954,0.60824895,0.0030414555,0.0027833334,0.0070776218,0.11945981,0.238536,0.010416823,0
ISIC_0030314,0.110160135,0.007912951,0.19894043,0.028672775,0.007967091,0.008416708,0.21107052,0.110160135,0.3696921,0.05716734,0
ISIC_0027256,0.028733576,0.0011205114,0.0024151066,0.0062845885,0.0012019483,0.0013564855,0.8278579,0.028733576,0.13008438,0.0009455408,0
ISIC_0032170,0.025418743,0.0054754647,0.0031619512,0.28096706,0.0061524357,0.005680106,0.011114218,0.025418743,0.6425467,0.019483406,0
ISIC_0027812,0.0017319852,0.0021940635,0.0067714876,0.010275192,0.0021756624,0.0023533672,0.01896025,0.0017319852,0.9505826,0.004955359,0
ISIC_0033917,0.009330516,0.012582431,0.20912741,0.16525792,0.012591571,0.01250761,0.08165639,0.009330516,0.06739157,0.42955455,0
ISIC_0034105,0.02570626,0.007825326,0.0055106254,0.01465655,0.0072256364,0.0077015306,0.03615148,0.02570626,0.87998104,0.0152414935,0
ISIC_0034259,0.76747406,0.0008694629,0.0024843914,0.21272163,0.0008584316,0.0007968577,0.002273632,0.76747406,0.007754297,0.0047672056,0
ISIC_0028449,0.06275104,0.008586529,0.07219385,0.393275,0.008797796,0.010556729,0.39784458,0.06275104,0.012299852,0.033694617,0
ISIC_0031495,0.00865312,0.001661907,0.0014119204,0.055847105,0.0018922816,0.0017719539,0.0030336939,0.00865312,0.9135276,0.012200456,0
ISIC_0034100,0.17940997,0.0062611806,0.018700723,0.53736514,0.0071308087,0.0068610474,0.014021094,0.17940997,0.19804266,0.032207407,1
ISIC_0032868,0.00032149238,0.00022453426,0.00016555429,0.0019927039,0.0002253392,0.00023185353,0.00026478845,0.00032149238,0.99603426,0.00053954794,0
ISIC_0033850,0.022631142,0.0067710094,0.32865128,0.342954,0.0065668053,0.0071420604,0.105331,0.022631142,0.08604122,0.09391153,0
ISIC_0029389,0.08406927,0.003902052,0.045110967,0.22870198,0.0036063585,0.004267802,0.27948537,0.08406927,0.32404995,0.026806248,0
ISIC_0034287,0.92816573,0.00063196576,0.037253845,0.012330086,0.0007449174,0.00068276277,0.012734442,0.92816573,0.0070310906,0.00042516674,1
ISIC_0025603,0.56903714,0.0028965839,0.005864391,0.11595106,0.003014621,0.0024954302,0.0072273985,0.56903714,0.2899502,0.0035632618,1
ISIC_0033508,0.002254282,0.000835444,0.00054501166,0.0046566087,0.0009041563,0.00084102026,0.002584568,0.002254282,0.9859608,0.0014179846,0
ISIC_0033875,0.003027823,0.0044691786,0.00632029,0.068712436,0.0053650937,0.004616653,0.0337725,0.003027823,0.8578335,0.015882561,0
ISIC_0034200,0.00055194064,0.0012521738,0.00083099026,0.0029135111,0.0012416928,0.001218271,0.005361588,0.00055194064,0.9855663,0.0010635676,0
ISIC_0034249,0.0062099467,0.0037343726,0.0064091026,0.16033933,0.0044133114,0.003756604,0.017766563,0.0062099467,0.7812845,0.016086195,0
ISIC_0032881,0.002782119,0.0025658708,0.003990722,0.006732187,0.002373759,0.0023741021,0.021019867,0.002782119,0.9554593,0.002702117,0
ISIC_0033329,0.0023053258,0.0021724203,0.0017659694,0.017933888,0.0022265143,0.0022164579,0.0090675745,0.0023053258,0.95926756,0.0030443768,0
ISIC_0034181,0.00078859105,0.0009953668,0.00063080806,0.0021594749,0.000937301,0.00095620006,0.005711512,0.00078859105,0.9869432,0.0008776411,0
ISIC_0033277,0.0039097075,0.008383151,0.008281659,0.054495957,0.009907974,0.007828027,0.20032628,0.0039097075,0.6495349,0.057332367,0
ISIC_0033197,0.0007006899,0.0009810975,0.00045889986,0.0022004696,0.001136334,0.0010300843,0.006513952,0.0007006899,0.9859659,0.0010124379,0
ISIC_0032824,0.0002203165,0.00069425855,0.0003493184,0.0010003529,0.0006997925,0.00072697917,0.0013791632,0.0002203165,0.99441874,0.0005112036,0
ISIC_0034124,0.03786884,0.005605767,0.014505982,0.46419498,0.005755536,0.00527803,0.053035975,0.03786884,0.2503604,0.16339448,0
ISIC_0030335,0.009556633,0.009421429,0.3601721,0.2920761,0.009055349,0.0089915665,0.14966573,0.009556633,0.04422905,0.116832055,0
ISIC_0028756,0.00667873,0.00086312275,0.00037966957,0.0013166799,0.00092284626,0.0008732144,0.006088237,0.00667873,0.9822567,0.00062070164,0
ISIC_0031642,0.14385678,0.0054153637,0.013276908,0.6581068,0.0056533674,0.0045339055,0.016373094,0.14385678,0.13705961,0.015724203,1
ISIC_0033162,0.20744467,0.001074525,0.0006407524,0.0028572355,0.0011593321,0.0011055147,0.0010731543,0.20744467,0.78303534,0.0016095255,0
ISIC_0033713,0.7296394,0.0025968687,0.0024532906,0.026353305,0.0027204969,0.0024406328,0.0029797105,0.7296394,0.22642513,0.0043911,1
ISIC_0032159,0.020317242,0.0036369895,0.039486513,0.72876674,0.0033033725,0.0038499476,0.01773539,0.020317242,0.16089447,0.02200924,0
ISIC_0031485,0.0105560515,0.0065002814,0.012200215,0.068706244,0.0063176826,0.0060105557,0.04484656,0.0105560515,0.83453846,0.010324051,0
ISIC_0032044,0.37708223,0.003689744,0.04145577,0.4580461,0.0035818198,0.0035026425,0.010318987,0.37708223,0.07834308,0.023979597,1
ISIC_0030557,0.003612068,0.0030814477,0.0014830638,0.011315222,0.0031623568,0.0032814879,0.00813087,0.003612068,0.9627153,0.0032179977,0
ISIC_0031560,0.042204723,0.0018706996,0.00271647,0.0426458,0.0019299345,0.0019003764,0.0078097023,0.042204723,0.89266014,0.006262114,0
ISIC_0032008,0.30133614,0.005883386,0.01960001,0.37748423,0.006105571,0.005780627,0.026514074,0.30133614,0.23352118,0.023774719,0
ISIC_0033190,0.001212179,0.0007900318,0.00035082785,0.005478806,0.0007859925,0.0007713888,0.005189139,0.001212179,0.9842472,0.0011744243,0
ISIC_0029418,0.19983101,0.00268778,0.0029529575,0.054752864,0.0027425278,0.0030437042,0.034885406,0.19983101,0.6957581,0.0033457116,0
ISIC_0028467,0.041347347,0.0041449945,0.0042624557,0.047731586,0.004509463,0.004334997,0.012984517,0.041347347,0.87523216,0.005452532,1
ISIC_0032061,0.0023902897,0.002778312,0.5787503,0.06521791,0.0027671761,0.0028861025,0.33274767,0.0023902897,0.0023805317,0.010081713,0
ISIC_0033754,0.653318,0.0023765762,0.002981656,0.039055467,0.0024311065,0.0021957548,0.0024761702,0.653318,0.27944145,0.015723964,1
ISIC_0028255,0.45420566,0.0034990434,0.0025687243,0.12219008,0.0040154993,0.003735978,0.021313757,0.45420566,0.385823,0.0026482004,0
ISIC_0028658,0.0017862341,0.00038766704,9.779087e-05,0.0007021666,0.00041824896,0.000380287,0.0003300026,0.0017862341,0.99573797,0.00015944324,0
ISIC_0034260,0.020119486,0.005951429,0.0059486185,0.22613,0.0065476517,0.0060405615,0.028213596,0.020119486,0.6536565,0.047392268,0
ISIC_0034274,0.025156248,0.0077438145,0.008650923,0.101544835,0.007862582,0.008415421,0.26046905,0.025156248,0.5674419,0.012715205,0
ISIC_0033852,0.011090261,0.010770104,0.11490647,0.0654526,0.010111408,0.0108078,0.174916,0.011090261,0.53495204,0.06699335,0
ISIC_0033915,0.006773165,0.010156489,0.05133569,0.03564186,0.0089139305,0.009566745,0.24270847,0.006773165,0.5903887,0.044514965,0
ISIC_0033282,0.021775676,0.0024329412,0.0027132255,0.0073224097,0.0024494182,0.0023568373,0.0074246745,0.021775676,0.94979715,0.003727683,0
ISIC_0028642,0.21820627,0.0024433811,0.019779261,0.25074562,0.0024957957,0.002404386,0.027506083,0.21820627,0.4720021,0.0044170925,1
ISIC_0029725,0.010748347,0.0016894451,0.0076065785,0.08220211,0.0016005439,0.001675983,0.0058624577,0.010748347,0.88488007,0.0037345295,0
ISIC_0025234,0.34365475,0.0028786317,0.26554325,0.13371696,0.0026972394,0.0026140471,0.2426412,0.34365475,0.00023460668,0.0060193236,1
ISIC_0031791,0.019222518,0.013089328,0.16659872,0.21433304,0.012693437,0.0118260775,0.094274044,0.019222518,0.2825737,0.1853891,0
ISIC_0031705,0.027170548,0.011141771,0.12206209,0.28660557,0.011363178,0.011005983,0.11077546,0.027170548,0.33100733,0.08886809,0
ISIC_0033245,0.017616024,0.0008139903,0.00378245,0.7644112,0.0007492902,0.0007362971,0.0014484043,0.017616024,0.20348382,0.006958564,1
ISIC_0027548,0.009339251,0.0052914033,0.004043413,0.05718813,0.00544035,0.005403675,0.02752578,0.009339251,0.87951326,0.006254749,0
ISIC_0030312,0.043391924,0.010743089,0.05036376,0.055444468,0.010462821,0.01092773,0.03986859,0.043391924,0.30569413,0.47310352,0
ISIC_0029985,0.0014283013,0.0013188581,0.011062699,0.12887548,0.0012059661,0.0013171674,0.7518745,0.0014283013,0.100901544,0.0020154973,0
ISIC_0031217,0.00221567,0.00172194,0.013789727,0.005985901,0.0016385397,0.0017956852,0.85655767,0.00221567,0.111619465,0.0046754554,0
ISIC_0030462,0.08161473,0.0028466352,0.0036355113,0.093806416,0.0025260083,0.002681902,0.0257637,0.08161473,0.78335917,0.0037660678,0
ISIC_0027559,0.015020773,0.0050011575,0.027462453,0.75079155,0.0046493057,0.004712807,0.008842798,0.015020773,0.019441048,0.16407816,0
ISIC_0034241,0.0035888888,0.005726868,0.008286577,0.10355488,0.0061120563,0.0051749772,0.12491565,0.0035888888,0.70925546,0.03338473,0
ISIC_0033158,0.04295087,0.00090953166,0.00821587,0.020027481,0.00092587696,0.00094359973,0.9242339,0.04295087,0.0010949046,0.00069799455,0
ISIC_0029895,0.06971287,0.010658129,0.021758163,0.16373257,0.00982987,0.010328948,0.07446696,0.06971287,0.60829955,0.031212816,0
ISIC_0028793,0.003316118,0.0025533384,0.0040718964,0.04345886,0.0025604418,0.002499593,0.013781937,0.003316118,0.92026836,0.00748949,0
ISIC_0029512,0.051820096,0.008688454,0.3361148,0.22160271,0.008178989,0.008902751,0.15233685,0.051820096,0.050037514,0.16231784,1
ISIC_0033480,0.16536306,0.0031976253,0.020678652,0.67223036,0.0028146645,0.0029625937,0.005803419,0.16536306,0.029606564,0.097343035,0
ISIC_0033591,0.067402795,0.0021350356,0.07642144,0.04612712,0.0022104145,0.0025087474,0.7941176,0.067402795,0.003197464,0.0058792825,0
ISIC_0033129,0.966128,0.00045735226,0.0017287362,0.008270299,0.0005140915,0.000510208,0.001852635,0.966128,0.016563583,0.003975059,1
ISIC_0032331,0.018254003,0.0025735595,0.011155115,0.6531344,0.0026057218,0.0026387633,0.006644286,0.018254003,0.28843805,0.014556075,1
ISIC_0033667,0.058127493,0.0032556322,0.003711074,0.14030948,0.0033684091,0.0032062363,0.0053682867,0.058127493,0.76597613,0.016677355,0
ISIC_0030722,0.009034481,0.00070996175,0.004354237,0.03834419,0.00070746563,0.0009712929,0.94353545,0.009034481,0.001399566,0.000943489,0
ISIC_0034133,0.0427276,0.001715123,0.0012617654,0.043432575,0.0016538115,0.0015772985,0.0035870895,0.0427276,0.9014514,0.0025933308,0
ISIC_0034233,0.6431349,0.002721615,0.016321758,0.1215261,0.0027918962,0.002604989,0.17690215,0.6431349,0.03215488,0.0018415962,1
ISIC_0033979,0.013349359,0.004048591,0.015835224,0.8859925,0.004573546,0.0041895835,0.026688738,0.013349359,0.006425532,0.038896855,0
ISIC_0032991,0.05122856,0.010710078,0.05520748,0.47707453,0.011295772,0.011632579,0.16736828,0.05122856,0.12297404,0.092508696,0
ISIC_0030565,0.025745822,0.0034985219,0.014859825,0.8816477,0.003832217,0.0041495226,0.020077672,0.025745822,0.009151457,0.037037425,0
ISIC_0034101,0.9309845,0.00068412174,0.0057448684,0.053406805,0.00070396316,0.00058540615,0.0033333686,0.9309845,0.0038888499,0.0006680854,1
ISIC_0034055,0.04142968,0.0045168516,0.00449853,0.036900923,0.004989177,0.004842173,0.008404667,0.04142968,0.88020533,0.014212646,0
ISIC_0031222,0.0005609975,0.00046059463,0.00020353687,0.00093286455,0.0004790077,0.00046313772,0.00052635925,0.0005609975,0.995948,0.00042532367,0
ISIC_0033812,0.017302098,0.0021426526,0.0032128647,0.06973549,0.0023488824,0.0021532385,0.0050802734,0.017302098,0.8920374,0.0059871315,1
ISIC_0025370,0.00069992477,0.00092358014,0.00053730956,0.010980117,0.00093000376,0.00096369855,0.0017405571,0.00069992477,0.98137885,0.0018460074,0
ISIC_0030261,0.0451492,0.0076436684,0.25130388,0.24595046,0.0077777975,0.008024211,0.26268366,0.0451492,0.031401448,0.1400657,0
ISIC_0033867,0.01733855,0.0020658388,0.0047352705,0.07329274,0.0020714751,0.002085291,0.04696129,0.01733855,0.8475768,0.0038727259,0
ISIC_0029020,0.09288735,0.0037985034,0.38874897,0.36490285,0.003931439,0.004048186,0.08396601,0.09288735,0.020634009,0.037082642,0
ISIC_0033806,0.43575254,0.009851448,0.06486934,0.21423899,0.0104705235,0.009681566,0.011572887,0.43575254,0.17287262,0.07069012,1
ISIC_0034282,0.0044157407,0.00046383572,0.0002775036,0.00584053,0.0005192856,0.0004169802,0.0035403117,0.0044157407,0.9838182,0.0007075292,0
ISIC_0032128,0.007670352,0.007493687,0.13726026,0.36973292,0.006697794,0.008221027,0.40097985,0.007670352,0.024864862,0.037079304,0
ISIC_0029214,0.009286885,0.0050654868,0.0039468594,0.097483024,0.004463063,0.003872415,0.07901608,0.009286885,0.7829165,0.013949825,0
ISIC_0025228,0.059231173,0.007709699,0.24008171,0.43873525,0.006870319,0.007795822,0.03081784,0.059231173,0.10541073,0.10334742,0
ISIC_0027162,0.016121825,0.006498337,0.08731082,0.5870464,0.0068198754,0.0076933145,0.06368283,0.016121825,0.14679821,0.07802838,0
ISIC_0026281,0.025382489,0.0031559137,0.34375694,0.39073443,0.0030265027,0.0034347405,0.008370969,0.025382489,0.10751318,0.114624836,1
ISIC_0031600,0.016017815,0.001684637,0.008615063,0.56095356,0.001685812,0.001883856,0.029919548,0.016017815,0.37472942,0.0045102774,0
ISIC_0034170,0.21131198,0.009445134,0.021507025,0.5775056,0.010393309,0.010394847,0.024752665,0.21131198,0.076104246,0.058585253,1
ISIC_0034117,0.011966697,0.0047069634,0.1291042,0.1250811,0.004429929,0.0050691287,0.37413388,0.011966697,0.047584,0.29792407,1
ISIC_0031178,0.005007518,0.003553775,0.005488492,0.010948792,0.0032821705,0.0036416475,0.6226763,0.005007518,0.3403607,0.0050405837,0
ISIC_0034145,0.015197937,0.0020073785,0.0016204597,0.011754377,0.002136585,0.001942099,0.0016484095,0.015197937,0.9509066,0.012786152,1
ISIC_0033071,0.055811405,0.0045807143,0.033704665,0.27830574,0.004410525,0.0049114,0.40072042,0.055811405,0.20810223,0.009452916,0
ISIC_0027774,0.14701681,0.005625027,0.12447546,0.36263326,0.0065180683,0.006013484,0.020262673,0.14701681,0.18763603,0.13981923,0
ISIC_0034168,0.12951393,0.0053481455,0.025643399,0.49298665,0.0056806565,0.0054823533,0.031666424,0.12951393,0.27533147,0.028346926,0
ISIC_0028056,0.020182744,0.001989517,0.012973427,0.27753457,0.0018270015,0.001791752,0.0043874294,0.020182744,0.65205765,0.027255928,1
ISIC_0029017,0.0025974398,0.0011369721,0.0012009175,0.016597424,0.001224636,0.0011414386,0.0018242821,0.0025974398,0.96867555,0.0056015453,1
ISIC_0033630,0.12102349,0.0011551997,0.012184432,0.8332343,0.0011421603,0.0010251867,0.009385496,0.12102349,0.00773827,0.013111475,1
ISIC_0030144,0.021673748,0.006554648,0.038652416,0.046919648,0.0060320417,0.0071438584,0.7583409,0.021673748,0.09397791,0.02070487,0
ISIC_0027718,0.02042558,0.009109634,0.049690627,0.20558715,0.0097283805,0.009947726,0.06548671,0.02042558,0.42563826,0.2043861,0
ISIC_0033651,0.9805477,0.0005022352,0.00048627594,0.0018394778,0.00059329247,0.00051977567,0.00046716243,0.9805477,0.014800744,0.00024333657,1
ISIC_0033962,0.004382672,0.004922072,0.013288907,0.018419448,0.0050830226,0.0052015646,0.49515986,0.004382672,0.4367488,0.016793756,1
ISIC_0028008,0.011879123,0.0056369333,0.02248037,0.57472724,0.005985307,0.006034726,0.028353617,0.011879123,0.22881666,0.11608596,0
ISIC_0034173,0.017911976,0.0008096499,0.001321671,0.079935454,0.0008748669,0.0007826329,0.0039457693,0.017911976,0.8934022,0.0010157422,1
ISIC_0028978,0.018060522,0.006341133,0.16177395,0.12944219,0.0061212513,0.006372794,0.17619272,0.018060522,0.16197447,0.33372104,0
ISIC_0028751,0.15511881,0.00033591382,0.0002639948,0.0017692279,0.00035554572,0.00035511222,0.0006988413,0.15511881,0.8404563,0.00064633193,0
ISIC_0033805,0.0022113468,0.0009537954,0.0005150479,0.0046699992,0.0010700591,0.001009685,0.0012549988,0.0022113468,0.987268,0.001046952,1
ISIC_0029553,0.0053369026,0.0016990692,0.00096323545,0.004400744,0.0016792997,0.0017209953,0.0033703942,0.0053369026,0.9796114,0.0012178773,0
ISIC_0033786,0.0038317684,0.0026956422,0.0010750171,0.005522895,0.0027017775,0.0027991906,0.012823671,0.0038317684,0.966732,0.0018179592,0
ISIC_0032345,0.021267911,0.004658264,0.005099259,0.29379407,0.005796719,0.0047366754,0.016586002,0.021267911,0.6090518,0.039009232,0
ISIC_0026324,0.01942499,0.006722233,0.22333042,0.35903814,0.0070993663,0.007106905,0.10137176,0.01942499,0.010710172,0.265196,0
ISIC_0034027,0.041937664,0.007873016,0.04731975,0.54120773,0.00828063,0.00754977,0.017863587,0.041937664,0.27974755,0.048220366,0
ISIC_0031975,0.07264974,0.0036591794,0.1750412,0.48152217,0.0038764512,0.0037991665,0.21741478,0.07264974,0.015667152,0.026370153,0
ISIC_0033889,0.035268232,0.010615209,0.09168708,0.23798211,0.011161281,0.010754144,0.023280445,0.035268232,0.4305484,0.14870302,0
ISIC_0030607,0.16257602,0.0053584576,0.13063172,0.42243415,0.005731714,0.0054975203,0.12347867,0.16257602,0.050595086,0.093696706,0
ISIC_0028646,0.28251523,0.009072828,0.058548696,0.29762256,0.010307578,0.010097804,0.044400137,0.28251523,0.22678868,0.060646426,0
ISIC_0033516,0.060247075,0.0021370098,0.009766802,0.18005256,0.0020367892,0.0021157754,0.010784904,0.060247075,0.72723955,0.005619517,0
ISIC_0028505,0.17989722,0.009176832,0.10460142,0.1914442,0.009638294,0.009478494,0.36801067,0.17989722,0.10711553,0.020637346,1
ISIC_0031148,0.08327716,0.004872309,0.021994216,0.105053164,0.0049207862,0.004376272,0.07079895,0.08327716,0.68418497,0.020522222,0
ISIC_0030324,0.1595534,0.00771567,0.10076033,0.5464636,0.0066142404,0.007221731,0.01503395,0.1595534,0.036174234,0.12046295,1
ISIC_0034131,0.0028397536,0.0003451368,0.00045028023,0.003261463,0.0003572747,0.00035800977,0.008657772,0.0028397536,0.98324627,0.00048425366,0
ISIC_0032082,0.0254084,0.009625814,0.055027515,0.14524351,0.009503623,0.010023639,0.13206914,0.0254084,0.55614203,0.05695642,0
ISIC_0033766,0.076455496,0.0016897211,0.00413827,0.12344034,0.0019665565,0.0016988976,0.013273683,0.076455496,0.77276534,0.0045715855,0
ISIC_0034267,0.06909841,0.0018694699,0.0013833981,0.011975489,0.002028774,0.0019094639,0.013982947,0.06909841,0.89504033,0.002711713,0
ISIC_0034265,0.084335126,0.0037712294,0.05474049,0.20387445,0.0042144926,0.0039185206,0.008132851,0.084335126,0.43984732,0.1971654,0
ISIC_0029070,0.01419986,0.001004525,0.0024007906,0.84574366,0.0010087851,0.0009902151,0.0021367965,0.01419986,0.107565336,0.024950093,0
ISIC_0028436,0.019561345,0.007228446,0.11522243,0.43755695,0.008159885,0.007829358,0.034423366,0.019561345,0.26000097,0.11001724,0
ISIC_0034235,0.06774936,0.0012099276,0.0017668214,0.531512,0.0012201564,0.001221144,0.0028855314,0.06774936,0.38356167,0.008873585,0
ISIC_0025837,0.013185221,0.005103911,0.08066149,0.47440687,0.0051442967,0.0054377452,0.057785567,0.013185221,0.13614964,0.22212529,0
ISIC_0033618,0.0575695,0.008484148,0.011022858,0.19079351,0.008744645,0.007725676,0.13301663,0.0575695,0.57112056,0.011522489,0
ISIC_0034034,0.12835956,0.001931586,0.012145759,0.5788479,0.0019464855,0.0017733735,0.0021821575,0.12835956,0.2651546,0.0076585184,1
ISIC_0030303,0.005347702,0.0021157893,0.010073959,0.48635578,0.0021221822,0.0022932137,0.010787505,0.005347702,0.46301648,0.017887438,0
ISIC_0030977,0.029901335,0.02254129,0.12913649,0.12596725,0.021512693,0.022098335,0.17777455,0.029901335,0.39139655,0.07967153,0
ISIC_0032076,0.18058519,0.0031940874,0.018357836,0.03767341,0.0035026006,0.0034095948,0.6151906,0.18058519,0.13219,0.0058967345,0
ISIC_0033330,0.020466914,0.017660318,0.026899798,0.14891818,0.017857235,0.018039795,0.2934346,0.020466914,0.39440942,0.06231379,0
ISIC_0029826,0.25884485,0.002720136,0.03349713,0.34083465,0.0027243092,0.0026323856,0.017986035,0.25884485,0.33301052,0.0077499906,0
ISIC_0025865,0.006443576,0.0057139955,0.008497898,0.29087645,0.0052793245,0.005453711,0.011162863,0.006443576,0.5881223,0.078449965,0
ISIC_0026887,0.0057328963,0.0033419852,0.004333068,0.032221407,0.0030301448,0.0032374063,0.0097839935,0.0057328963,0.9344425,0.0038764297,0
ISIC_0033876,0.0042072055,0.0019664518,0.002134499,0.010871595,0.0020374982,0.0019398322,0.0042637805,0.0042072055,0.96547985,0.007099481,0
ISIC_0026993,0.8771638,0.0010821385,0.0019328773,0.019681266,0.001051216,0.00092952553,0.005051915,0.8771638,0.09254146,0.0005658259,1
ISIC_0030666,0.014628065,0.0077604577,0.027464405,0.22861819,0.008544861,0.007983791,0.048578884,0.014628065,0.5577642,0.09865701,0
ISIC_0034203,0.008389374,0.006233252,0.023887651,0.06476201,0.006329221,0.0069049443,0.66257375,0.008389374,0.10484572,0.11607393,0
ISIC_0028665,0.058790065,0.008335134,0.0126633,0.13028769,0.0074256617,0.009009778,0.1276499,0.058790065,0.63183135,0.01400721,0
ISIC_0034213,0.0021653255,0.002043788,0.0020574357,0.045961965,0.0024988602,0.0023443615,0.0055658836,0.0021653255,0.9316821,0.0056802607,0
ISIC_0033673,0.030969236,0.0033992608,0.02773024,0.13956876,0.004825367,0.003746088,0.011302522,0.030969236,0.44834065,0.3301179,0
ISIC_0033958,0.1048824,0.0021634612,0.004660141,0.061948266,0.0022347702,0.002162414,0.10202872,0.1048824,0.7181377,0.0017821847,0
ISIC_0033532,0.008114718,0.0014511104,0.0008865353,0.0068839127,0.0015699317,0.0016073318,0.014119952,0.008114718,0.9639492,0.0014173466,0
ISIC_0033998,0.0018933505,0.0017900196,0.0009006263,0.012431915,0.0018809466,0.0016440907,0.0033293099,0.0018933505,0.9730608,0.0030689982,0
ISIC_0027768,0.014667935,0.0054561533,0.007525321,0.2798646,0.0055555706,0.0055353954,0.026080802,0.014667935,0.6336713,0.021643018,0
ISIC_0031733,0.042784326,0.007963531,0.036316153,0.19084762,0.0073985206,0.008130696,0.31042686,0.042784326,0.38280797,0.013324355,0
ISIC_0024885,0.0036687546,0.003716521,0.09910994,0.3918369,0.0035690316,0.0040534954,0.45730215,0.0036687546,0.015211674,0.021531507,0
ISIC_0030473,0.000338535,0.00040328942,0.00013900008,0.0007276497,0.0004259374,0.00042937495,0.00045246436,0.000338535,0.99685663,0.00022718315,0
ISIC_0030059,0.0011556918,0.0019618708,0.022221103,0.12872458,0.0021469134,0.0021381776,0.009304171,0.0011556918,0.78728133,0.0450662,0
ISIC_0034264,0.0050881268,0.008948435,0.018130168,0.033441987,0.009008898,0.008984002,0.05369469,0.0050881268,0.84661645,0.016087435,0
ISIC_0033320,0.005611866,0.00062126125,0.00021499282,0.0011143687,0.00063445565,0.0005892067,0.0008882391,0.005611866,0.98983175,0.0004938591,1
ISIC_0031036,0.00044233166,0.00033943175,7.792291e-05,0.0016013446,0.00035628973,0.00033218102,0.0002318939,0.00044233166,0.99646026,0.00015831615,0
ISIC_0033728,0.6425954,0.0020778743,0.0024835968,0.10346109,0.0021989131,0.0021126147,0.0033641953,0.6425954,0.23794322,0.003763022,1
ISIC_0033751,0.0073513663,0.012067721,0.011661732,0.18437222,0.0125434,0.012093096,0.28057203,0.0073513663,0.3603984,0.118939936,0
ISIC_0033677,0.04158488,0.014355728,0.016475946,0.1089152,0.014855784,0.014578593,0.032075007,0.04158488,0.42529795,0.33186093,0
ISIC_0034277,0.022249317,0.0147532215,0.07875582,0.17303988,0.015387855,0.015333705,0.3675186,0.022249317,0.06334952,0.24961205,0
ISIC_0034199,0.029700343,0.0026601937,0.0031390542,0.08076854,0.0026744108,0.0025015497,0.0064207353,0.029700343,0.86539453,0.0067406776,0
ISIC_0026423,0.0037154802,0.0004838898,0.00039055312,0.0018846274,0.00045457348,0.0004420802,0.0005617352,0.0037154802,0.9901506,0.00191637,0
ISIC_0027319,0.00793127,0.003967537,0.008297961,0.05213804,0.004895314,0.00424245,0.011289627,0.00793127,0.8725937,0.034644045,0
ISIC_0033261,0.2848524,0.002762625,0.0034571395,0.15326343,0.003320244,0.002691144,0.05754116,0.2848524,0.48494706,0.0071648094,1
ISIC_0028790,0.09048818,0.004912087,0.26794693,0.34153333,0.005140585,0.004670155,0.2118397,0.09048818,0.0012860365,0.072182976,0
ISIC_0027826,0.036044825,0.008501515,0.028036354,0.5326392,0.007503354,0.0075304047,0.00872524,0.036044825,0.2686513,0.10236776,0
ISIC_0034059,0.060197916,0.0027993044,0.07964021,0.6054668,0.002826268,0.0025602374,0.0044381116,0.060197916,0.074028544,0.16804269,1
ISIC_0030582,0.011696122,0.0055004433,0.02641796,0.04667022,0.005210847,0.006056838,0.03668536,0.011696122,0.8364607,0.025301486,0
ISIC_0033466,0.00646273,0.00692617,0.019224297,0.05706324,0.006812305,0.007831838,0.38630274,0.00646273,0.50127274,0.008104035,0
ISIC_0033767,0.03355938,0.010411548,0.15426475,0.09722315,0.010147413,0.010552717,0.2664948,0.03355938,0.4038449,0.013501423,0
ISIC_0033240,0.15771171,0.003617672,0.027921453,0.6708789,0.0037686024,0.003491445,0.08674502,0.15771171,0.038685985,0.007179243,1
ISIC_0032828,0.016235821,0.00075488345,0.0008007167,0.021842841,0.0008190097,0.0007697196,0.0013446003,0.016235821,0.95636666,0.001065621,0
ISIC_0027744,0.01607813,0.0025990817,0.53418165,0.1732801,0.0027797744,0.0030964182,0.25280666,0.01607813,0.0059259217,0.009252309,0
ISIC_0034231,0.0053544766,0.0035358355,0.0043153367,0.06847703,0.0043516234,0.0035876576,0.020915048,0.0053544766,0.79142016,0.098042846,0
ISIC_0033335,0.0005498122,0.00084415963,0.0005060277,0.0017516826,0.000941698,0.00091177935,0.0029628128,0.0005498122,0.99058944,0.00094273407,0
ISIC_0030693,0.13144381,0.0027906753,0.0071071894,0.74016196,0.0030659554,0.0029397316,0.009001839,0.13144381,0.09564226,0.007846485,0
ISIC_0033907,0.005376983,0.004258853,0.17486008,0.1630062,0.004402639,0.004498593,0.14396815,0.005376983,0.43288842,0.06674012,0
ISIC_0029931,0.13974398,0.010797037,0.036977228,0.506043,0.011128539,0.01078104,0.04255209,0.13974398,0.016772311,0.22520466,0
ISIC_0032441,0.07774811,0.0044716676,0.45420218,0.17067026,0.0043457053,0.0046083583,0.16216184,0.07774811,0.09377644,0.02801545,1
ISIC_0033803,0.06588086,0.001634783,0.10130793,0.07183029,0.001672926,0.0016242376,0.7532763,0.06588086,0.0006378242,0.0021348384,0
ISIC_0033192,0.14454885,0.00083206326,0.002755963,0.08138694,0.0009460711,0.0008355975,0.0013897031,0.14454885,0.7648336,0.0024712223,1
ISIC_0031618,0.009973796,0.008015762,0.020996273,0.031207038,0.008600057,0.0091424575,0.26513496,0.009973796,0.629214,0.017715741,0
ISIC_0030371,0.007265272,0.003660657,0.0046294513,0.010484952,0.0036688354,0.0038351626,0.041331094,0.007265272,0.9216862,0.003438302,0
ISIC_0027265,0.035143312,0.0044044484,0.011457489,0.26328692,0.0046097515,0.004474906,0.01378034,0.035143312,0.6428814,0.019961566,0
ISIC_0033921,0.0021856208,0.0005430435,0.0002656138,0.0012307306,0.0005919134,0.00057886,0.0015644515,0.0021856208,0.99275106,0.00028855723,0
ISIC_0033842,0.021707414,0.0021949303,0.006853649,0.023778038,0.0022864193,0.002458019,0.4906908,0.021707414,0.44833764,0.001692974,0
ISIC_0028413,0.029597336,0.008142457,0.15459083,0.4367407,0.00786039,0.008173239,0.03258968,0.029597336,0.08065698,0.24164839,0
ISIC_0029824,0.01979973,0.008077903,0.066049166,0.57738465,0.008174255,0.007856808,0.034136984,0.01979973,0.051622808,0.22689772,0
ISIC_0033944,0.087356515,0.012312967,0.052229714,0.15920712,0.012291294,0.013075054,0.30291173,0.087356515,0.33523956,0.0253761,0
ISIC_0033231,0.0019864433,0.0021814927,0.0011491099,0.0031422526,0.0021203668,0.0021917254,0.008168577,0.0019864433,0.9772461,0.001813932,0
ISIC_0027961,0.012071358,0.0045028357,0.0020762868,0.00663486,0.0043260613,0.0041343914,0.0031381955,0.012071358,0.9603794,0.0027365608,0
ISIC_0034087,0.00078179996,0.00063595007,0.001016142,0.0012378003,0.00059984357,0.0005901528,0.005209908,0.00078179996,0.98941344,0.0005148514,1
ISIC_0034079,0.0056733554,0.0030289951,0.0021796816,0.012779235,0.0028198322,0.0029958717,0.015271181,0.0056733554,0.95184034,0.003411599,0
ISIC_0031598,0.010121773,0.002264458,0.0028717,0.014715924,0.0023885332,0.0024532955,0.040015332,0.010121773,0.9217949,0.0033741537,1
ISIC_0026395,0.04047505,0.005128156,0.03908496,0.43817177,0.0053648064,0.00531744,0.017253963,0.04047505,0.3901374,0.059066463,0
ISIC_0033832,0.018765396,0.0024576674,0.0017532967,0.049295016,0.0023566696,0.0023902173,0.0025784802,0.018765396,0.9169157,0.0034874901,0
ISIC_0033973,0.1375279,0.00920079,0.045051776,0.37134495,0.00971375,0.008960101,0.033211295,0.1375279,0.24272731,0.14226224,0
ISIC_0034255,0.15719078,0.0035485842,0.026858404,0.05523265,0.003571106,0.0032012127,0.060771663,0.15719078,0.6608609,0.028764645,0
ISIC_0026086,0.331405,0.0029635148,0.029549269,0.59012955,0.0027596466,0.002710691,0.007742673,0.331405,0.01764872,0.015090953,1
ISIC_0029455,0.012756539,0.002023123,0.012993512,0.8412229,0.001935775,0.0021118987,0.0055319252,0.012756539,0.08365832,0.037766002,0
ISIC_0031613,0.0017829937,0.0015079557,0.00067119155,0.0027682094,0.001539053,0.0015841279,0.002024535,0.0017829937,0.98704463,0.0010774236,0
ISIC_0032970,0.70896614,0.00071664265,0.032617852,0.2501871,0.0007206583,0.000710324,0.0034758241,0.70896614,0.0012985524,0.0013070152,1
ISIC_0029102,0.02069441,0.0029560074,0.023890024,0.8757268,0.0028932926,0.002742877,0.0054883426,0.02069441,0.018175859,0.047432356,0
ISIC_0034210,0.033161424,0.0036439335,0.0023600005,0.037066024,0.004193164,0.0041566226,0.014947347,0.033161424,0.89182055,0.008650958,0
ISIC_0033457,0.0064576715,0.0034295998,0.0026691833,0.25067082,0.0040575257,0.0038694118,0.009274206,0.0064576715,0.67972463,0.03984701,0
ISIC_0028890,0.013130083,0.0024096582,0.10941601,0.7470278,0.0023469452,0.0024126961,0.009410398,0.013130083,0.06921052,0.04463583,0
ISIC_0033597,0.010079792,0.0072446256,0.014164674,0.1929935,0.0072945654,0.006846528,0.0495324,0.010079792,0.52049154,0.19135241,0
ISIC_0034197,0.06400075,0.0011988188,0.040083725,0.85706675,0.0012473871,0.0012208723,0.004889319,0.06400075,0.0028343208,0.027458182,0
ISIC_0027427,0.031074403,0.016608212,0.050340917,0.5429101,0.016544841,0.01751523,0.10615554,0.031074403,0.14675461,0.07209616,0
ISIC_0032315,0.010137009,0.005764305,0.013351082,0.12189144,0.005960181,0.005985363,0.034766488,0.010137009,0.7537932,0.04835088,0
ISIC_0030271,0.06764724,0.0048462558,0.16883197,0.50789994,0.004760992,0.0048443284,0.09519909,0.06764724,0.0066431263,0.13932715,0
ISIC_0033301,0.014442247,0.0019457871,0.12288346,0.6353114,0.002049925,0.001983835,0.18637735,0.014442247,0.008005852,0.027000094,0
ISIC_0029000,0.071153305,0.0032357834,0.010769614,0.08624605,0.0033253045,0.0032135737,0.11421704,0.071153305,0.703986,0.0038533078,1
ISIC_0034242,0.020698164,0.00044268966,0.00015702721,0.001163537,0.00041005496,0.00040015343,0.00029779592,0.020698164,0.9762069,0.00022364936,1
ISIC_0032443,0.010583672,0.001888465,0.0038633235,0.013762985,0.0020169455,0.0018242346,0.0057409448,0.010583672,0.95765465,0.002664659,0
ISIC_0033851,0.04100816,0.00102123,0.0030947726,0.012078682,0.0011104711,0.0009883277,0.0014968396,0.04100816,0.9365078,0.0026936946,0
ISIC_0033931,0.1055148,0.0031899305,0.02535869,0.5816064,0.00317239,0.0032137525,0.004521522,0.1055148,0.09382414,0.17959832,1
ISIC_0034041,0.008069463,0.0002990702,0.00010585409,0.0017249075,0.00028233632,0.0002654034,0.0007555962,0.008069463,0.9882188,0.0002786118,0
ISIC_0033636,0.27299103,0.0037354087,0.113719404,0.5225455,0.003674761,0.0037923183,0.0152651,0.27299103,0.025555423,0.03872108,1
ISIC_0033255,0.0033719956,0.0024751283,0.002157496,0.00978813,0.0025495884,0.0025749176,0.13941447,0.0033719956,0.8356536,0.0020146614,0
ISIC_0032410,0.13059048,0.0034778595,0.078372255,0.3740522,0.004009544,0.0037176535,0.26229516,0.13059048,0.114817016,0.028667798,0
ISIC_0032029,0.03699997,0.003323769,0.0030393114,0.04822222,0.0034690842,0.0032149148,0.021609878,0.03699997,0.87446594,0.0056549376,0
ISIC_0032379,0.05621628,0.0066177878,0.025218999,0.24638943,0.006843569,0.006438628,0.117254436,0.05621628,0.51266474,0.022356248,0
ISIC_0027087,0.49590594,0.004509402,0.016995907,0.12043861,0.004827704,0.0048612864,0.10860423,0.49590594,0.22272447,0.02113253,0
ISIC_0029899,0.018994164,0.0048388233,0.2379626,0.48331103,0.0050996873,0.0051826523,0.018101297,0.018994164,0.0070452946,0.21946453,0
ISIC_0028477,0.0015711769,0.006156343,0.0091079995,0.017511288,0.006147712,0.0059907357,0.07233852,0.0015711769,0.87061083,0.01056547,0
ISIC_0033838,0.00058938965,0.000560546,0.00021518471,0.0006751082,0.0006193339,0.0006157593,0.0011995008,0.00058938965,0.99522114,0.00030395875,0
ISIC_0033947,0.009790184,0.0022781063,0.0071624108,0.851624,0.0022333541,0.0020951766,0.0019504518,0.009790184,0.10173763,0.02112873,1
ISIC_0032079,0.076666504,0.008462656,0.06778607,0.6243333,0.008124971,0.008398666,0.011336513,0.076666504,0.0952724,0.09961892,1
ISIC_0030119,0.3269201,0.002148925,0.4924383,0.03848308,0.002202847,0.002176262,0.13034734,0.3269201,0.0006352197,0.0046479595,1
ISIC_0031080,0.015517917,0.008932951,0.015252612,0.05069516,0.008569898,0.007872519,0.058202364,0.015517917,0.80369824,0.031258352,0
ISIC_0033266,0.023445293,0.002817284,0.008472326,0.6698963,0.0027349286,0.0026339742,0.0071055293,0.023445293,0.2429455,0.03994895,0
ISIC_0033648,0.0011316183,0.0029613674,0.0038633484,0.016910627,0.0031439213,0.003068596,0.17496754,0.0011316183,0.78895307,0.0049998867,0
ISIC_0034096,0.06703223,0.0062688286,0.032312654,0.25727156,0.00648771,0.005774914,0.046125043,0.06703223,0.53837174,0.040355384,0
ISIC_0029235,0.079691045,0.0058289827,0.018105067,0.6925883,0.005561364,0.0063014515,0.011292993,0.079691045,0.12478947,0.055841345,0
ISIC_0033594,0.07758316,0.0016785242,0.0029708522,0.0706956,0.001800435,0.0017489216,0.02176272,0.07758316,0.8197646,0.0019951677,1
ISIC_0033256,0.13357167,0.0069771446,0.053470947,0.0944032,0.0064709983,0.0069987522,0.20555258,0.13357167,0.21801499,0.2745398,0
ISIC_0026458,0.69329274,0.0023469634,0.012634422,0.025826935,0.002599621,0.0024070397,0.0020100083,0.69329274,0.23997663,0.018905655,1
ISIC_0034245,0.50028074,0.0006636744,0.0019090109,0.008650088,0.0007035269,0.00063634885,0.0021383169,0.50028074,0.4845546,0.00046367268,0
ISIC_0033541,0.0022277937,0.00065597397,0.0002383464,0.00077511935,0.0006717288,0.00070355897,0.0010377726,0.0022277937,0.9933402,0.00034955807,0
ISIC_0033323,0.25264558,0.0028811884,0.013413183,0.052467782,0.0032742687,0.0029887396,0.008091698,0.25264558,0.64794487,0.016292846,1
ISIC_0025958,0.22737634,0.0056453375,0.017255006,0.40347773,0.0055859596,0.0051316246,0.05081544,0.22737634,0.26468083,0.020031841,0
ISIC_0027608,0.081067726,0.004488913,0.19852398,0.51893634,0.004754399,0.0049355538,0.15745445,0.081067726,0.009869618,0.01996913,0
ISIC_0029187,0.028234739,0.013388487,0.027675042,0.12773727,0.013647876,0.013426433,0.090350255,0.028234739,0.6630567,0.022483176,0
ISIC_0024981,0.0033370913,0.0011956855,0.0060765394,0.31537336,0.0010936284,0.0009890876,0.012067957,0.0033370913,0.6554994,0.0043673106,0
ISIC_0030760,0.039811928,0.0035727047,0.0037368492,0.1216765,0.0036949764,0.0032921613,0.013876639,0.039811928,0.80268526,0.0076529607,1
ISIC_0033607,0.006326578,0.0027383012,0.003911958,0.011060962,0.0027370178,0.0027278576,0.028092578,0.006326578,0.9372291,0.0051757134,1
ISIC_0032940,0.82355756,0.0007090072,0.025182977,0.14249054,0.00081666774,0.0006892846,0.0039738175,0.82355756,0.00034040186,0.0022397633,1
ISIC_0029232,0.031425197,0.010003922,0.029121442,0.67658734,0.010092301,0.009776465,0.02878809,0.031425197,0.04575663,0.1584487,0
ISIC_0034256,0.17839722,0.0022005273,0.08433787,0.40880153,0.0021711006,0.0022433084,0.23537703,0.17839722,0.050435096,0.036036335,1
ISIC_0033916,0.012074003,0.009843524,0.042980053,0.105115056,0.010007534,0.0095123835,0.32619265,0.012074003,0.40682626,0.0774486,0
ISIC_0030223,0.53382456,0.0025404186,0.0087812105,0.28749824,0.0027266946,0.0025138685,0.00366926,0.53382456,0.14618959,0.012256302,1
ISIC_0030126,0.022532828,0.003530702,0.0033590586,0.10688223,0.0041958964,0.003566511,0.005724748,0.022532828,0.79495615,0.055251926,0
ISIC_0024572,0.014804989,0.005640214,0.38863754,0.048343953,0.005080939,0.0054036016,0.44284526,0.014804989,0.052850932,0.036392592,0
ISIC_0026574,0.044905048,0.0032793097,0.43306828,0.3156627,0.0035715129,0.0034376215,0.1781986,0.044905048,0.00072302105,0.017153857,0
ISIC_0028735,0.0013032915,0.0023410327,0.016885908,0.123272374,0.002452914,0.0023125461,0.028856877,0.0013032915,0.7738234,0.04875159,0
ISIC_0033995,0.59490246,0.0023749196,0.040588077,0.18207617,0.0024098333,0.0023545378,0.005982573,0.59490246,0.16002958,0.009281877,1
ISIC_0031023,0.5870518,0.002475564,0.07287564,0.22201791,0.0022149982,0.0023448472,0.021574354,0.5870518,0.086634494,0.002810441,1
ISIC_0032468,0.033294544,0.0051935106,0.23660246,0.21232556,0.005791887,0.0061215404,0.23854636,0.033294544,0.00576153,0.25636268,0
ISIC_0033745,0.0028513044,0.00078455434,0.08164017,0.010022679,0.00078842463,0.0008610892,0.9012623,0.0028513044,0.00068458484,0.001104822,0
ISIC_0034229,0.003250207,0.00050980964,0.00086281553,0.11597619,0.0005192523,0.000510305,0.00088743464,0.003250207,0.8755021,0.0019819606,0
ISIC_0028014,0.009129701,0.003534818,0.013715001,0.12063481,0.003474186,0.0032948547,0.37605867,0.009129701,0.46095186,0.0092061665,0
ISIC_0032046,0.03152701,0.0026451696,0.032366056,0.37311795,0.0027979037,0.0026066543,0.017730974,0.03152701,0.51461583,0.022592394,1
ISIC_0031904,0.28092062,0.0074221133,0.013490421,0.0439883,0.0082338955,0.0076560485,0.010024212,0.28092062,0.46811867,0.16014579,0
ISIC_0031430,0.030046372,0.0157188,0.033023596,0.57703537,0.015679056,0.014105973,0.06092914,0.030046372,0.20597075,0.047490925,0
ISIC_0033911,0.67176956,0.001958547,0.0063812467,0.010936753,0.0021820674,0.0021358663,0.045952745,0.67176956,0.25283286,0.005850457,1
ISIC_0032385,0.048629306,0.006523207,0.09273588,0.17795931,0.006762626,0.0065616877,0.031963624,0.048629306,0.5851008,0.043763563,0
ISIC_0030956,0.005852491,0.0037379928,0.023499534,0.08671124,0.0042744866,0.0044865934,0.79944724,0.005852491,0.050497025,0.021493433,0
ISIC_0034090,0.070141755,0.006181843,0.25859043,0.31461725,0.006460634,0.006879029,0.1574884,0.070141755,0.07213234,0.10750841,0
ISIC_0032658,0.0034796589,0.005447255,0.012072739,0.22836927,0.0063737184,0.004929814,0.03779449,0.0034796589,0.31339288,0.38814017,0
ISIC_0029562,0.0146597205,0.0064681903,0.051478513,0.3829443,0.0063204034,0.0070408247,0.030204732,0.0146597205,0.4049247,0.09595867,1
ISIC_0030585,0.018800704,0.007784935,0.022159947,0.040435906,0.007429459,0.007942415,0.088637434,0.018800704,0.7828209,0.023988454,0
ISIC_0033885,0.9573245,0.00029184355,0.0025070354,0.038204223,0.0002814545,0.00026495574,0.0006452184,0.9573245,0.00018963091,0.00029117992,1
ISIC_0033590,0.15749675,0.00677256,0.032637365,0.10809912,0.0063683367,0.0067816833,0.42518497,0.15749675,0.22469652,0.031962685,0
ISIC_0030014,0.10937478,0.005025224,0.039666355,0.4107166,0.005574433,0.0050831065,0.19579424,0.10937478,0.12534396,0.10342132,1
ISIC_0025038,0.02307721,0.003932061,0.023293147,0.7417489,0.003251917,0.003877543,0.01048513,0.02307721,0.0078839315,0.18245004,0
ISIC_0034065,0.0011186162,0.0008073232,0.0006775666,0.0040249038,0.00081068836,0.0008161453,0.0033833426,0.0011186162,0.9876674,0.0006939775,1
ISIC_0033246,0.20200872,0.0096730245,0.04683942,0.13271062,0.009947297,0.009919481,0.21461086,0.20200872,0.19122523,0.18306538,0
ISIC_0031013,0.032292143,0.0028982207,0.103738405,0.80797434,0.0028330511,0.0028635445,0.009580465,0.032292143,0.011015436,0.026804334,1
ISIC_0033286,0.4125975,0.0015976214,0.054012347,0.51343006,0.0015341032,0.0014406684,0.0038946741,0.4125975,0.007617201,0.0038758812,1
ISIC_0034194,0.012226984,0.006215188,0.041959584,0.3765241,0.0072787814,0.006305615,0.08271532,0.012226984,0.32390246,0.14287207,0
ISIC_0033328,0.025351057,0.0027412744,0.011313221,0.39326975,0.0028840506,0.0028323296,0.040016267,0.025351057,0.51222676,0.009365353,0
ISIC_0031159,0.18154657,0.005478122,0.08902413,0.29395503,0.005003947,0.005659991,0.0113632,0.18154657,0.30473325,0.10323582,0
ISIC_0029755,0.012832107,0.008526995,0.1653641,0.20872517,0.008656861,0.008691247,0.028637787,0.012832107,0.17001186,0.38855392,0
ISIC_0034208,0.12377621,0.0022403875,0.05295868,0.6855389,0.002355345,0.0021349317,0.0055579343,0.12377621,0.034744397,0.0906932,1
ISIC_0028489,0.01131575,0.002638401,0.0012720946,0.0068684765,0.0026473345,0.0028032684,0.0073693166,0.01131575,0.96329385,0.0017913881,1
ISIC_0029576,0.017217614,0.0037907548,0.014245209,0.24063528,0.0038664844,0.004093978,0.032384213,0.017217614,0.6686698,0.015096645,0
ISIC_0026275,0.047870442,0.0076193153,0.066835314,0.4831317,0.007808482,0.009573059,0.16330929,0.047870442,0.10236112,0.111491226,0
ISIC_0034107,0.03132213,0.0021712817,0.0028961392,0.0625621,0.002358937,0.0020144146,0.011018275,0.03132213,0.8781514,0.0075053535,1
ISIC_0033110,0.15409303,0.0008039779,0.00035180128,0.0026040326,0.0008322548,0.0007800608,0.0006208363,0.15409303,0.8390271,0.0008868795,0
ISIC_0030155,0.004527142,0.0036937278,0.004901316,0.12153187,0.003952735,0.0034298096,0.04468692,0.004527142,0.7778744,0.035402168,0
ISIC_0033904,0.00810329,0.0041415947,0.15352777,0.106365636,0.0040253913,0.0039150505,0.53769386,0.00810329,0.16582422,0.016403168,0
ISIC_0030589,0.012374602,0.0049160155,0.13458948,0.24187647,0.0046051815,0.00548426,0.37212119,0.012374602,0.20323025,0.02080253,0
ISIC_0025851,0.11150292,0.010746407,0.036632724,0.5489368,0.010163577,0.0102425255,0.041592434,0.11150292,0.11265185,0.117530786,0
ISIC_0033460,0.033298966,0.006814035,0.08418784,0.6318238,0.005745567,0.0064542866,0.018214438,0.033298966,0.10028064,0.11318039,0
ISIC_0030829,0.0033927136,0.0057233,0.008335846,0.008845559,0.0054188105,0.005700982,0.038205747,0.0033927136,0.9139355,0.010441568,0
ISIC_0029422,0.02383002,0.004775206,0.0071607116,0.16277152,0.0046778936,0.0048579783,0.00536921,0.02383002,0.77781385,0.008743646,0
ISIC_0033450,0.004733008,0.00037486767,0.06404126,0.0036416564,0.00039255797,0.0004499443,0.9245906,0.004733008,0.0013846017,0.00039154358,0
ISIC_0026084,0.06969158,0.005045664,0.22709139,0.605672,0.005634127,0.005102551,0.02509283,0.06969158,0.0053397436,0.051330198,0
ISIC_0025541,0.019484643,0.004292946,0.02305031,0.11533471,0.0043803356,0.0040095584,0.13345554,0.019484643,0.6876101,0.008381678,0
ISIC_0031622,0.0417218,0.006867154,0.013331651,0.27907494,0.0074532228,0.006483394,0.05827235,0.0417218,0.5526508,0.034144707,0
ISIC_0033340,0.25729316,0.0029210206,0.00827868,0.047819633,0.0033849285,0.0030146136,0.019481031,0.25729316,0.63386947,0.023937382,0
ISIC_0034236,0.15376894,0.0047959383,0.00953136,0.13033593,0.005162839,0.0049690646,0.03177745,0.15376894,0.63088244,0.028776133,1
ISIC_0027735,0.012123856,0.0028427232,0.01266779,0.68579096,0.002995235,0.0027292245,0.029065797,0.012123856,0.23902588,0.012758605,0
ISIC_0033553,0.13968953,0.007716113,0.019823877,0.40020332,0.007521198,0.007378455,0.066481285,0.13968953,0.32635176,0.02483442,0
ISIC_0032179,0.02102853,0.0019468351,0.002513819,0.063442476,0.0019271005,0.0018854067,0.0083433185,0.02102853,0.895065,0.0038474377,0
ISIC_0034257,0.049550474,0.006107605,0.091335386,0.22099023,0.005797631,0.005993361,0.1463651,0.049550474,0.4445273,0.02933295,0
ISIC_0030165,0.016276686,0.0019549923,0.0032320921,0.23683004,0.0023003186,0.0021087308,0.002780856,0.016276686,0.71767133,0.016844906,1
ISIC_0028884,0.010387144,0.009720738,0.058871817,0.37536737,0.009785399,0.010071394,0.1121704,0.010387144,0.22903445,0.18459128,0
ISIC_0030800,0.145219,0.00346792,0.65423167,0.08528148,0.0034514156,0.0033537315,0.059348114,0.145219,0.0025421584,0.043104574,0
ISIC_0027679,0.022234946,0.010058839,0.03959261,0.2077339,0.009646605,0.010035774,0.18045513,0.022234946,0.45147356,0.06876853,0
ISIC_0033119,0.029803474,0.0044800625,0.010821778,0.65798634,0.0043284637,0.0043913308,0.063601196,0.029803474,0.19257008,0.032017346,0
ISIC_0028079,0.059232365,0.0040746694,0.10299833,0.63407964,0.0035916872,0.004084906,0.011939176,0.059232365,0.049941864,0.13005732,0
ISIC_0033534,0.07277643,0.0020285072,0.084706075,0.086234264,0.002000395,0.002106152,0.7262713,0.07277643,0.016941696,0.006935198,1
ISIC_0030358,0.005797786,0.0041620554,0.063487254,0.5845018,0.0040245256,0.0042727306,0.052334975,0.005797786,0.05542479,0.22599404,0
ISIC_0033988,0.0011996813,0.00026465658,0.000107402,0.0004798963,0.0002651049,0.00026426467,0.00022288847,0.0011996813,0.99697745,0.00021875715,0
ISIC_0032395,0.08268901,0.008772122,0.30910113,0.31993675,0.008264931,0.009740736,0.08781421,0.08268901,0.058951266,0.114729784,0
ISIC_0032806,0.32012013,0.0025892293,0.008101436,0.602123,0.0026397777,0.0024680994,0.003360218,0.32012013,0.047801726,0.010796324,1
ISIC_0033585,0.5609299,0.0013023333,0.0028186825,0.016054913,0.001372721,0.0012276628,0.0022136958,0.5609299,0.41262627,0.0014538264,0
ISIC_0031395,0.13108486,0.005121987,0.024180656,0.67694277,0.0046127536,0.0047981623,0.008549318,0.13108486,0.116607964,0.02810154,0
ISIC_0031442,0.021745466,0.0024583125,0.28533483,0.12756304,0.002516162,0.0026692655,0.5210542,0.021745466,0.029243296,0.0074154944,0
ISIC_0033565,0.023360606,0.000958472,0.0070918323,0.040430795,0.0009932029,0.0010348967,0.9200651,0.023360606,0.0052554235,0.0008097187,0
ISIC_0032751,0.16815639,0.0015380507,0.006255535,0.015389326,0.0015026259,0.0014783007,0.0015189316,0.16815639,0.80127233,0.0028886383,1
ISIC_0034192,0.058116026,0.002053307,0.013256299,0.07329475,0.0018470165,0.0017956746,0.009584575,0.058116026,0.83438236,0.0056700814,0
ISIC_0034108,0.19957733,0.005083904,0.015608325,0.18334314,0.00526625,0.0047880914,0.019047894,0.19957733,0.46602973,0.101255275,0
ISIC_0030114,0.11182016,0.003993256,0.07898251,0.6260726,0.003907983,0.004930568,0.033060905,0.11182016,0.10439022,0.032841913,0
ISIC_0029915,0.012994473,0.0065957094,0.03459686,0.10161214,0.0059758746,0.0070538907,0.23724143,0.012994473,0.3499306,0.24399896,0
ISIC_0033022,0.057451785,0.0048145764,0.03976573,0.63120586,0.0044752504,0.0045938566,0.008571652,0.057451785,0.116036795,0.13308446,0
ISIC_0027279,0.010364504,0.002878304,0.008385701,0.91965765,0.0026584852,0.002512312,0.006842843,0.010364504,0.012567892,0.034132335,0
ISIC_0034150,0.022479711,0.0033296887,0.29704002,0.41972676,0.0028826997,0.0034656522,0.024102133,0.022479711,0.09408774,0.1328856,1
ISIC_0032737,0.0163439,0.008852951,0.065992326,0.21934259,0.009133763,0.0087073315,0.30142912,0.0163439,0.3361677,0.03403033,0
ISIC_0033642,0.7298468,0.0013454213,0.0017925723,0.22545247,0.0013625798,0.001329037,0.0041617635,0.7298468,0.033232827,0.0014765904,0
ISIC_0033924,0.08567576,0.0065132454,0.038430315,0.16263436,0.006570062,0.0062430194,0.027062476,0.08567576,0.62288535,0.043985467,0
ISIC_0031142,0.03662922,0.012690241,0.08499714,0.17481086,0.013268225,0.012566707,0.25647303,0.03662922,0.24749075,0.16107394,0
ISIC_0028791,0.011687855,0.0066734115,0.081147574,0.5238658,0.0062693963,0.007012849,0.055359073,0.011687855,0.20034571,0.10763834,0
ISIC_0034314,0.0047759935,0.0075913793,0.013611405,0.043597948,0.008395024,0.008036554,0.21787257,0.0047759935,0.6877499,0.008369285,0
ISIC_0026321,0.03337589,0.0012519757,0.13756204,0.10333305,0.0012448211,0.0014565777,0.7176913,0.03337589,0.0020542191,0.0020300902,0
ISIC_0030064,0.00951968,0.0032905824,0.046989065,0.09360372,0.003542591,0.004031858,0.7156417,0.00951968,0.11516613,0.008214653,0
ISIC_0029435,0.005796695,0.0018492294,0.0017300731,0.013656551,0.002240749,0.0018650022,0.23956628,0.005796695,0.7316615,0.0016339741,0
ISIC_0032111,0.1047701,0.0019427559,0.0064716595,0.81186956,0.0022736283,0.002086777,0.009589893,0.1047701,0.049243025,0.011752616,0
ISIC_0032343,0.19204554,0.007704448,0.33293894,0.1637506,0.0069206045,0.008467688,0.05567166,0.19204554,0.0030830007,0.22941755,0
ISIC_0034252,0.3406081,0.005939787,0.064155556,0.42954633,0.0057082106,0.0052848584,0.1083774,0.3406081,0.023678461,0.016701339,0
ISIC_0033013,0.04737219,0.008041565,0.022593312,0.44841954,0.008314843,0.008900429,0.34814295,0.04737219,0.07317392,0.035041284,0
ISIC_0033347,0.009857341,0.0018787262,0.0020594262,0.039364822,0.0019013964,0.0018435688,0.020446468,0.009857341,0.9206893,0.0019591055,0
ISIC_0033322,0.14180823,0.004755863,0.0070921043,0.40251502,0.0051483414,0.004819689,0.0101062115,0.14180823,0.40506798,0.018686628,0
ISIC_0029241,0.0059930016,0.0014371894,0.10638805,0.821723,0.0014225444,0.0011958852,0.034073576,0.0059930016,0.01593361,0.011833108,1
ISIC_0034253,0.68842477,0.0018345838,0.024144514,0.11170781,0.0019881772,0.0018389182,0.004841605,0.68842477,0.15910022,0.006119406,1
ISIC_0029270,0.009530209,0.003512547,0.08984982,0.6017682,0.0037555855,0.00437122,0.062242474,0.009530209,0.11519601,0.109773874,0
ISIC_0033872,0.02583599,0.008273581,0.52367115,0.16605823,0.0075520775,0.008564464,0.04673567,0.02583599,0.01083569,0.20247309,1
ISIC_0027284,0.00062957377,0.00037011187,0.00014954782,0.00042767028,0.00039393586,0.00038787327,0.0013783561,0.00062957377,0.9960496,0.00021332125,0
ISIC_0034244,0.0059869955,0.0035825742,0.004580719,0.21009369,0.004106796,0.0036545135,0.018046748,0.0059869955,0.708865,0.041082963,0
ISIC_0032027,0.030646209,0.0070674093,0.01568479,0.040965617,0.0067373677,0.006453983,0.03842735,0.030646209,0.8434213,0.010595852,0
ISIC_0030429,0.11512013,0.013379614,0.18618546,0.2638076,0.014393063,0.013736009,0.24388568,0.11512013,0.055171788,0.094320685,0
ISIC_0033511,0.0037590936,0.0074163126,0.008300281,0.046834305,0.008610039,0.00837105,0.093619965,0.0037590936,0.8078165,0.015272406,0
ISIC_0033987,0.039649867,0.0021921368,0.017492333,0.7841155,0.0020223984,0.0020908997,0.008713664,0.039649867,0.086163364,0.057559837,0
ISIC_0031404,0.22768126,0.0025666056,0.43390527,0.20940204,0.002882405,0.0031610837,0.035802778,0.22768126,0.0011487908,0.08344983,0
ISIC_0029571,0.019000798,0.0021163728,0.0028320684,0.043091062,0.0023418604,0.002148099,0.0069869435,0.019000798,0.91556567,0.0059170495,1
ISIC_0029728,0.0055134953,0.00504699,0.017842198,0.08320254,0.0053620827,0.005288088,0.13514861,0.0055134953,0.6884422,0.05415387,0
ISIC_0027903,0.012286802,0.0013389589,0.0030292885,0.026426477,0.001507605,0.0017868439,0.9187269,0.012286802,0.03353644,0.001360583,0
ISIC_0033855,0.21990912,0.0074455976,0.0062833163,0.3731682,0.008286811,0.007227041,0.012748084,0.21990912,0.33185333,0.033078488,0
ISIC_0033972,0.00898169,0.0023932362,0.008114408,0.32590657,0.00209715,0.0026633807,0.00400242,0.00898169,0.44196373,0.20387748,0
ISIC_0028977,0.007811875,0.0038530563,0.005343811,0.5989284,0.003993835,0.0039919284,0.0093620485,0.007811875,0.10212692,0.2645881,0
ISIC_0033789,0.01959282,0.0042640823,0.021353336,0.14872457,0.0044048657,0.004191875,0.12417938,0.01959282,0.6389081,0.03438095,0
ISIC_0034134,0.005298613,0.0027398756,0.32874382,0.3217844,0.0029017953,0.0030881173,0.31651402,0.005298613,0.0040496388,0.014879807,1
ISIC_0032309,0.00335107,0.0050401366,0.015599834,0.017380495,0.0052013514,0.004701694,0.13458958,0.00335107,0.8014148,0.012721098,0
ISIC_0029427,0.038942683,0.013874749,0.015868532,0.6755015,0.015567622,0.015303549,0.01955116,0.038942683,0.13795885,0.067431316,0
ISIC_0028214,0.030000081,0.0034659205,0.030331943,0.77609676,0.0036881634,0.0034667195,0.10986991,0.030000081,0.02342697,0.01965344,0
ISIC_0027188,0.0026164846,0.0038899798,0.22070844,0.022746198,0.003821941,0.0043041343,0.561256,0.0026164846,0.111871324,0.068785526,0
ISIC_0033269,0.5621236,0.0046908283,0.05183298,0.3199776,0.004158088,0.004069016,0.021865651,0.5621236,0.0025918724,0.028690431,1
ISIC_0033645,0.032344382,0.0030064187,0.0034461662,0.10369187,0.0031884324,0.0030114152,0.022830551,0.032344382,0.8218538,0.0066270283,0
ISIC_0032334,0.03492471,0.0061853407,0.08928546,0.45896584,0.006545638,0.0072741196,0.04513617,0.03492471,0.2431674,0.10851542,0
ISIC_0026456,0.008665189,0.00092235144,0.053013723,0.030238718,0.0008953411,0.0012322394,0.9032305,0.008665189,0.00019377463,0.001608163,0
ISIC_0028916,0.2653387,0.0025032768,0.08911017,0.44301373,0.0023591258,0.0022184865,0.0038090453,0.2653387,0.18101951,0.010628001,1
ISIC_0032190,0.48557597,0.0029048473,0.0043851617,0.03623403,0.0030754714,0.00298355,0.019866584,0.48557597,0.44251472,0.0024596145,1
ISIC_0032589,0.0027959913,0.0008714897,0.00077518896,0.015711397,0.00088383444,0.0008703799,0.0019031278,0.0027959913,0.9740847,0.0021037997,0
ISIC_0028195,0.012398097,0.009863444,0.058411438,0.4010861,0.010315639,0.010300875,0.037388068,0.012398097,0.32685453,0.13338184,0
ISIC_0032632,0.017425833,0.005755405,0.011000142,0.09915917,0.006607915,0.005929218,0.071058966,0.017425833,0.7491764,0.033886958,0
ISIC_0032849,0.05901484,0.0034249623,0.0047424785,0.10997563,0.004204098,0.0035457916,0.05015861,0.05901484,0.75443846,0.010495235,0
ISIC_0033043,0.06320383,0.006237767,0.022509752,0.09039696,0.006861549,0.0064272108,0.20235924,0.06320383,0.56203055,0.03997317,0
ISIC_0033290,0.030334974,0.0016276302,0.0011869796,0.023151806,0.0020299973,0.0018060169,0.01965251,0.030334974,0.9184074,0.0018027837,0
ISIC_0033341,0.070824265,0.0033304475,0.01517714,0.17360172,0.004610714,0.0039769635,0.13266914,0.070824265,0.5595638,0.036245745,0
ISIC_0033681,0.025598038,0.0052711903,0.02542044,0.52695644,0.005509878,0.004722126,0.023979869,0.025598038,0.2540512,0.12849078,0
ISIC_0033741,0.010296272,0.0035948064,0.0045117,0.051186927,0.0041521857,0.0032901415,0.08777452,0.010296272,0.82584095,0.009352589,0
ISIC_0034072,0.013975848,0.005880741,0.03774056,0.6596088,0.0065980502,0.006263479,0.06345684,0.013975848,0.0019095611,0.2045661,0
ISIC_0034151,0.03733256,0.0060695377,0.008213832,0.13144904,0.006212724,0.005642717,0.14771833,0.03733256,0.6238247,0.033536565,0
ISIC_0034177,0.006410178,0.0027201518,0.0033390452,0.07561987,0.0030424374,0.0026641095,0.2250934,0.006410178,0.67556614,0.005544634,0
ISIC_0030171,0.0071744034,0.0018071007,0.0070319586,0.16103135,0.002003054,0.001855758,0.002237956,0.0071744034,0.80340976,0.013448675,1
ISIC_0030900,0.012359349,0.011683122,0.024921527,0.2914997,0.010913151,0.011249156,0.062177133,0.012359349,0.5167837,0.058413148,0
ISIC_0026432,0.005736943,0.0025891596,0.0021062163,0.040050622,0.002370759,0.0022244768,0.0041697887,0.005736943,0.9336379,0.0071141957,0
ISIC_0031428,0.0071763904,0.0021136373,0.0067867017,0.66233814,0.0020733913,0.002184457,0.0056833923,0.0071763904,0.29272768,0.018916234,0
ISIC_0033791,0.15999721,0.00034543267,0.002595615,0.83321524,0.0003471528,0.00032261942,0.0006834298,0.15999721,0.00046811035,0.0020252706,0
ISIC_0032273,0.013781096,0.000544106,0.00016901486,0.0008978286,0.00061344827,0.0005637383,0.0005301507,0.013781096,0.982584,0.00031676822,0
ISIC_0033769,0.00042105746,0.0008910137,0.0003803731,0.002372874,0.0009375186,0.0010158153,0.0027193516,0.00042105746,0.9905494,0.0007127856,0
ISIC_0033177,0.0032431122,0.00017578219,0.00011541679,0.00061319594,0.00017312782,0.00017320554,0.00050773955,0.0032431122,0.9948681,0.00013039651,0
ISIC_0030464,0.045705233,0.001301234,0.0010766087,0.002791984,0.0012043417,0.0013066079,0.0034988907,0.045705233,0.9417693,0.0013457995,0
ISIC_0031337,0.0037217003,0.0019543818,0.0054642526,0.006013918,0.0021193202,0.0017680938,0.010950482,0.0037217003,0.9583378,0.009669935,0
ISIC_0033985,0.015270496,0.001441951,0.0012337266,0.030450687,0.0014572985,0.0013485973,0.002099998,0.015270496,0.944678,0.0020191593,1
ISIC_0029889,0.009668053,0.0043216846,0.016908612,0.020603685,0.004339752,0.0044828146,0.8427127,0.009668053,0.08944663,0.007516164,0
ISIC_0028500,0.0055098697,0.003598313,0.0038084057,0.027781008,0.0037374496,0.0037394587,0.02403806,0.0055098697,0.91278857,0.014998833,0
ISIC_0033939,0.01531356,0.00287132,0.0053264345,0.017001221,0.0027340483,0.0025357024,0.015475735,0.01531356,0.9351754,0.0035666996,0
ISIC_0033274,0.82577056,0.0020593072,0.0023153757,0.101343885,0.0019527136,0.0018272031,0.0022754055,0.82577056,0.060914587,0.0015409472,1
ISIC_0033950,0.072373554,0.0004740696,0.00011841358,0.001430658,0.00050001993,0.0004668097,0.00033834827,0.072373554,0.92376435,0.0005337181,0
ISIC_0027811,0.044810563,0.0066278935,0.040399767,0.5748478,0.0067464868,0.007175874,0.02284133,0.044810563,0.084345244,0.21220498,0
ISIC_0027444,0.0032699741,0.0020815858,0.001934975,0.018395822,0.002191065,0.002114252,0.0032661736,0.0032699741,0.9629752,0.0037708785,0
ISIC_0030766,0.051221978,0.005209266,0.09781521,0.32441774,0.0055549475,0.00523443,0.050162215,0.051221978,0.3231028,0.13728152,0
ISIC_0033997,0.004364059,0.009207768,0.014896536,0.05382515,0.010358288,0.010281501,0.25650004,0.004364059,0.58899677,0.051569935,0
ISIC_0027549,0.0064822384,0.0034716453,0.003890559,0.008854135,0.003247461,0.0033793095,0.013372523,0.0064822384,0.9519703,0.00533185,0
ISIC_0028385,0.030535907,0.005493279,0.07122469,0.107565485,0.005439568,0.0057264683,0.5294264,0.030535907,0.21718787,0.027400449,0
ISIC_0034135,0.022798253,0.008554709,0.017675214,0.035084642,0.009119246,0.009290062,0.24836197,0.022798253,0.3543702,0.29474574,0
ISIC_0033220,0.00033954333,0.00042614547,0.00012812116,0.00031518578,0.00047955295,0.0004466969,0.00086904544,0.00033954333,0.9967068,0.00028897784,0
ISIC_0034317,0.0056865816,0.00043288307,0.000127777,0.0006831544,0.0004506495,0.0004551288,0.0005579776,0.0056865816,0.99143237,0.0001735417,1
ISIC_0033990,0.03291438,0.0021633278,0.13174309,0.2206742,0.0023079745,0.0022166732,0.48687902,0.03291438,0.11650256,0.004598743,0
ISIC_0031272,0.0040423605,0.0010096716,0.32186493,0.02878854,0.0011339573,0.0013197417,0.63176084,0.0040423605,0.0010373632,0.009042662,0
ISIC_0032482,0.025491465,0.004330651,0.09053331,0.06413316,0.0045178835,0.0048559792,0.5760074,0.025491465,0.22074568,0.009384386,0
ISIC_0031518,0.068148665,0.0041653547,0.004551804,0.25409412,0.003983475,0.0037388203,0.0069294604,0.068148665,0.6474144,0.0069739423,0
ISIC_0034139,0.0014375173,0.00029684042,5.9679132e-05,0.000853478,0.0003134387,0.00030724597,0.00041184877,0.0014375173,0.9962122,0.00010775916,0
ISIC_0033928,0.08998807,0.0061430177,0.0034857492,0.2173764,0.0075979712,0.0062436457,0.0120656155,0.08998807,0.644772,0.012327659,0
ISIC_0029894,0.09402668,0.0039394693,0.0054460843,0.15087824,0.0039432514,0.0040648407,0.010590083,0.09402668,0.694127,0.032984506,0
ISIC_0031322,0.01812525,0.008690891,0.040789735,0.2357461,0.00905735,0.008060132,0.18584608,0.01812525,0.4149084,0.078776024,0
ISIC_0033787,0.30310518,0.005245892,0.038679477,0.0388523,0.0051954975,0.0053004837,0.32316712,0.30310518,0.2641934,0.016260734,0
ISIC_0033559,0.07339595,0.0071140416,0.019928465,0.74987257,0.0060311826,0.006588717,0.012384239,0.07339595,0.02819536,0.09648949,1
ISIC_0031958,0.15973984,0.0050530196,0.080869876,0.6137741,0.004811007,0.004939692,0.007213998,0.15973984,0.092143945,0.031454515,1
ISIC_0034071,0.023194864,0.0046667787,0.0992615,0.58949697,0.0042281738,0.0046761753,0.061611105,0.023194864,0.17388241,0.038981974,1
ISIC_0033469,0.23418155,0.0025346912,0.042938847,0.5740754,0.0028950593,0.0029336098,0.013065404,0.23418155,0.020442188,0.106933214,1
ISIC_0033722,0.047028404,0.0025206793,0.0053170305,0.72462356,0.0023973535,0.0022072222,0.0030205275,0.047028404,0.174035,0.038850226,0
ISIC_0028423,0.011097535,0.0020426724,0.029413054,0.1057599,0.0020033785,0.0020236282,0.10494542,0.011097535,0.730153,0.012561402,0
ISIC_0033295,0.023143323,0.0015258791,0.13253716,0.7836787,0.0016040154,0.0014599998,0.018923188,0.023143323,0.015869843,0.021257898,0
ISIC_0034120,0.007010203,0.0023487557,0.056556124,0.057955034,0.0024235926,0.0030097603,0.80637234,0.007010203,0.059453614,0.0048705726,1
ISIC_0029081,0.1830251,0.004594107,0.018742545,0.5200894,0.004230372,0.0043167677,0.0071402006,0.1830251,0.23107837,0.026783187,1
ISIC_0032257,0.0018747438,0.0034979654,0.0154284155,0.012110658,0.00322424,0.0028775868,0.04970251,0.0018747438,0.90114814,0.01013568,0
ISIC_0033011,0.00090542214,0.00039302977,0.00023572588,0.0041233934,0.0004163593,0.00044236082,0.0010909932,0.00090542214,0.99077654,0.0016162066,0
ISIC_0034028,0.32576558,0.0019719638,0.0049045756,0.6098596,0.0021203512,0.0019734027,0.003983212,0.32576558,0.043841064,0.005580335,1
ISIC_0032328,0.0023318059,0.0028930735,0.0063642114,0.009958955,0.0027358895,0.0029191847,0.028276369,0.0023318059,0.93529147,0.00922912,0
ISIC_0028527,0.09061672,0.005081352,0.062607005,0.5166918,0.0052866614,0.0053665466,0.2311415,0.09061672,0.04163966,0.041568793,0
ISIC_0034038,0.015954798,0.0021542788,0.0045090034,0.04303288,0.0022299753,0.0023482668,0.004959473,0.015954798,0.9191417,0.005669525,0
ISIC_0033189,0.02034445,0.008416283,0.034900766,0.0971968,0.009198997,0.008693649,0.2802989,0.02034445,0.39313185,0.14781837,0
ISIC_0033846,0.0043650973,0.009082909,0.015747344,0.0073164864,0.008083242,0.0075996476,0.15034305,0.0043650973,0.78161114,0.015851071,0
ISIC_0034076,0.15954874,0.0017707007,0.0028138973,0.040928137,0.0018718675,0.0017853465,0.002148076,0.15954874,0.78534526,0.0037880205,1
ISIC_0033795,0.39572,0.002721562,0.002734304,0.058525413,0.0031096812,0.0028130522,0.004511131,0.39572,0.52312696,0.0067379186,0
ISIC_0031557,0.3515624,0.0029632573,0.01050775,0.3813207,0.0031505928,0.0028253,0.0045051984,0.3515624,0.1924166,0.050748188,1
ISIC_0030521,0.0065581645,0.0055650603,0.020984983,0.054123558,0.0050519393,0.0055649886,0.72594756,0.0065581645,0.1630098,0.013193843,1
ISIC_0034296,0.064999156,0.0011876383,0.0068989894,0.8804566,0.0011342912,0.001239132,0.00939542,0.064999156,0.027396321,0.007292393,0
ISIC_0033798,0.03710448,0.0030928447,0.0040456145,0.04265583,0.0030150923,0.0030657076,0.0052478057,0.03710448,0.8858771,0.01589562,0
ISIC_0033344,0.019856619,0.0041681486,0.10853868,0.4172708,0.003984845,0.0041206325,0.06984909,0.019856619,0.35060784,0.021603314,1
ISIC_0030015,0.0042544897,0.0021613347,0.018833615,0.047096003,0.002145163,0.0023077773,0.0123627065,0.0042544897,0.010271298,0.90056765,0
ISIC_0034289,0.0034678974,0.0033698806,0.0025746652,0.03409635,0.0037624463,0.0034282587,0.015042764,0.0034678974,0.92290986,0.011348078,1
ISIC_0030010,0.034679987,0.00923013,0.08383392,0.3002024,0.00921734,0.010451111,0.11407726,0.034679987,0.11217355,0.32613435,0
ISIC_0033493,0.044371612,0.012461256,0.25752547,0.38535774,0.011313981,0.012111715,0.08527649,0.044371612,0.10464841,0.086933315,0
ISIC_0030336,0.00062070525,0.0006869414,0.00030255478,0.0014653191,0.00068719493,0.00069919875,0.0011880763,0.00062070525,0.9934269,0.0009231122,0
ISIC_0030410,0.018610394,0.0046684155,0.003663747,0.08973856,0.0045162733,0.0043390566,0.013302657,0.018610394,0.8434564,0.017704591,0
ISIC_0030299,0.0055006915,0.00059913035,0.00035664105,0.0020191285,0.0005862449,0.0006035522,0.0009971218,0.0055006915,0.9887349,0.0006025451,0
ISIC_0027402,0.055334993,0.0046345834,0.004767603,0.19106162,0.004623743,0.004130474,0.010208737,0.055334993,0.71304065,0.012197598,1
ISIC_0032304,0.20534591,0.007209234,0.3135254,0.16126959,0.0072114305,0.0076321387,0.12736288,0.20534591,0.13872667,0.031716675,0
ISIC_0034247,0.14561437,0.0048599853,0.013212881,0.08799182,0.0055386145,0.0052355863,0.18462534,0.14561437,0.5391574,0.013763981,0
ISIC_0031971,0.21311255,0.0060459184,0.24749783,0.07341721,0.005375856,0.005940338,0.25593632,0.21311255,0.082717024,0.10995704,0
ISIC_0033569,0.88225985,0.0010580417,0.027250303,0.06758952,0.0012170109,0.0011392656,0.0038777478,0.88225985,0.012625359,0.002983121,1
ISIC_0034109,0.004836488,0.0005522207,0.00018128914,0.00058780523,0.00060475786,0.0005493103,0.00073347025,0.004836488,0.99160904,0.00034572542,0
ISIC_0034160,0.02923221,0.0038623244,0.052581977,0.220903,0.003696978,0.0042077824,0.49771357,0.02923221,0.082065694,0.10573639,0
ISIC_0030698,0.018875396,0.01772435,0.019097393,0.10044303,0.017663313,0.015463011,0.13025981,0.018875396,0.62693155,0.053542156,0
ISIC_0026177,0.05227352,0.003570263,0.004352163,0.039901596,0.00399353,0.00425739,0.08651116,0.05227352,0.8005886,0.004551789,0
ISIC_0034123,0.007385842,0.0009548233,0.2475138,0.6278197,0.0009985155,0.0009181439,0.106843464,0.007385842,0.00037833521,0.0071872286,0
ISIC_0026660,0.011174084,0.012361292,0.08517543,0.15877809,0.012451212,0.013090168,0.28747436,0.011174084,0.3640122,0.05548313,0
ISIC_0032018,0.14783023,0.007643749,0.027721738,0.5900988,0.007461787,0.0072910893,0.055823173,0.14783023,0.11317432,0.04295514,0
ISIC_0027645,0.010997284,0.0034515206,0.016022146,0.49478593,0.0043858653,0.003503366,0.01966664,0.010997284,0.18560994,0.2615773,0
ISIC_0034008,0.0070022824,0.0042485935,0.0062288283,0.026989777,0.004630717,0.004158093,0.25952193,0.0070022824,0.6834942,0.0037256784,0
ISIC_0033849,0.1796514,0.002463306,0.0022779037,0.079941176,0.0026735214,0.0023361847,0.0091786655,0.1796514,0.66570115,0.055776685,0
ISIC_0028163,0.0052449726,0.0028602646,0.012029661,0.0030652853,0.0030605304,0.00331687,0.9447698,0.0052449726,0.023441631,0.0022111887,0
ISIC_0032191,0.116933845,0.0057305596,0.11768315,0.24665068,0.0052317544,0.005482636,0.049434613,0.116933845,0.06332815,0.3895246,0
ISIC_0033478,0.2176954,0.0053948592,0.17163475,0.19880496,0.00551777,0.0056191515,0.022495946,0.2176954,0.21198063,0.16085654,0
ISIC_0034043,0.08569427,0.007536884,0.012401514,0.15225336,0.008026958,0.0077086277,0.17860256,0.08569427,0.48199612,0.06577972,0
ISIC_0034127,0.21862593,0.0036469256,0.003190903,0.0941204,0.0036616456,0.0035133527,0.097295575,0.21862593,0.5725428,0.0034024653,0
ISIC_0027086,0.01750066,0.007026143,0.04102594,0.18817715,0.0071819806,0.0059903855,0.2198215,0.01750066,0.49627715,0.016999064,0
ISIC_0033365,0.14053309,0.0015498678,0.0012301429,0.014882742,0.0013826162,0.0014781839,0.003924414,0.14053309,0.8326418,0.002377084,0
ISIC_0029884,0.2508267,0.0014194049,0.059405725,0.66180795,0.0013764554,0.0012780599,0.001861975,0.2508267,0.015561976,0.006461824,1
ISIC_0034016,0.017071178,0.00063107687,0.0002071762,0.00046583856,0.0006726215,0.0006263835,0.00094974827,0.017071178,0.97903246,0.00034365582,0
ISIC_0033982,0.0007904525,0.00066845317,0.0005143783,0.0024949012,0.0006524034,0.00067302206,0.001405699,0.0007904525,0.99205065,0.0007499739,0
ISIC_0033882,0.03105635,0.0043945797,0.0032891375,0.054958273,0.004730555,0.004339078,0.02068086,0.03105635,0.85582656,0.02072454,0
ISIC_0031595,0.14364731,0.0024838194,0.005248643,0.008349896,0.0023677761,0.0024841798,0.0042900047,0.14364731,0.8285489,0.0025793363,0
ISIC_0032182,0.014124373,0.00051589345,0.05611613,0.017874468,0.0005624012,0.00052646495,0.9096862,0.014124373,2.2292856e-05,0.0005718028,1
ISIC_0031945,0.14032197,0.0029400217,0.18357007,0.47377023,0.0027614136,0.0029027993,0.16951154,0.14032197,0.008811558,0.01541043,0
ISIC_0033910,0.045396615,0.0070151263,0.04161935,0.12427469,0.0072872015,0.007531048,0.36037996,0.045396615,0.38981566,0.016680306,0
ISIC_0033482,0.035745516,0.0049601137,0.1404906,0.30498526,0.00449062,0.005085969,0.030424574,0.035745516,0.17914928,0.29466805,0
ISIC_0034268,0.016888874,0.00466027,0.41467905,0.2945989,0.0043308255,0.0042887,0.15735392,0.016888874,0.08721632,0.015983157,0
ISIC_0033199,0.010010088,0.0041534184,0.010341778,0.36852196,0.0036010188,0.0039650304,0.010873865,0.010010088,0.14575845,0.4427745,0
ISIC_0033816,0.24161954,0.0021363923,0.0017488739,0.057089098,0.0022783186,0.0020449662,0.005752162,0.24161954,0.6691985,0.018132135,0
ISIC_0029630,0.028084338,0.0040184874,0.4893725,0.36681134,0.003602998,0.004236712,0.01266216,0.028084338,0.013170379,0.078041196,1
ISIC_0032734,0.08776741,0.0020061487,0.0010197505,0.018446341,0.0022672748,0.0020779984,0.0015404801,0.08776741,0.878658,0.0062166397,0
ISIC_0031158,0.015082098,0.0044544446,0.033398602,0.2106267,0.0047753262,0.0045579234,0.25964257,0.015082098,0.31228253,0.15517977,0
ISIC_0029986,0.27434644,0.003437329,0.044093903,0.52983326,0.0033654086,0.0031791904,0.08487457,0.27434644,0.04823974,0.0086302105,0
ISIC_0031259,0.00087980414,0.00057019753,0.00024166073,0.0024083767,0.0005960017,0.00056381145,0.0013504829,0.00087980414,0.9928488,0.0005407632,0
ISIC_0031499,0.31220174,0.0037309441,0.046068292,0.23746844,0.003775603,0.003207907,0.005017744,0.31220174,0.38140613,0.007123237,1
ISIC_0029794,0.0042495625,0.008326975,0.027495315,0.3575135,0.008278357,0.0079640215,0.02997194,0.0042495625,0.43259746,0.12360293,0
ISIC_0030432,0.6176461,0.007185829,0.013088218,0.07613735,0.007279653,0.0066783824,0.009521007,0.6176461,0.25392446,0.008538946,0
ISIC_0029653,0.0040547703,0.0048192297,0.03338232,0.13457559,0.0052051446,0.0048232786,0.22749,0.0040547703,0.52159613,0.06405359,0
ISIC_0032098,0.039284315,0.008620605,0.061151326,0.055590417,0.008081554,0.009643815,0.7227368,0.039284315,0.023168007,0.07172332,1
ISIC_0027031,0.0032087974,0.0045207776,0.009428671,0.14927672,0.004424396,0.0045985123,0.049426492,0.0032087974,0.76596653,0.009149056,0
ISIC_0029254,0.0066453605,0.0060268543,0.03365028,0.6365575,0.0057824384,0.005903746,0.021254165,0.0066453605,0.048415545,0.23576415,0
ISIC_0027210,0.0066069565,0.002197165,0.020677283,0.017444436,0.0022895145,0.0026286074,0.90808487,0.0066069565,0.037315678,0.0027555847,0
ISIC_0024400,0.45103288,0.0068538035,0.051439542,0.2936723,0.006137204,0.007178216,0.04842121,0.45103288,0.08631566,0.048949096,1
ISIC_0025339,0.04914323,0.0014555289,0.005904539,0.72183603,0.0017275618,0.0014957184,0.00828882,0.04914323,0.18544602,0.024702469,0
ISIC_0029592,0.011015261,0.0074934997,0.015930464,0.2058421,0.007444957,0.00741518,0.097456686,0.011015261,0.42227945,0.2251224,0
ISIC_0034005,0.012106666,0.009999241,0.065006465,0.42800504,0.010402802,0.010045859,0.08833451,0.012106666,0.08923547,0.286864,1
ISIC_0033374,0.0023967163,0.0032983671,0.059318163,0.0742488,0.0037265942,0.0035697434,0.3895844,0.0023967163,0.45698753,0.0068696984,0
ISIC_0028309,0.06282774,0.005197746,0.017830731,0.3091977,0.0049890853,0.0046179774,0.007827742,0.06282774,0.5376058,0.049905524,0
ISIC_0032886,0.06273155,0.0066656484,0.021373423,0.075674064,0.0066641867,0.0064294697,0.37308127,0.06273155,0.43474784,0.0126326,0
ISIC_0033501,0.009362185,0.007543601,0.027155027,0.10212622,0.008080156,0.008187684,0.6088165,0.009362185,0.19494583,0.033782862,0
ISIC_0030778,0.00693846,0.0030406679,0.21650112,0.15921474,0.0030272354,0.0033365933,0.587221,0.00693846,0.0039349403,0.016785195,0
ISIC_0033252,0.007984959,0.0074341223,0.023473175,0.035381697,0.0075881714,0.008282973,0.77483195,0.007984959,0.11243856,0.022584453,0
ISIC_0033279,0.0027718244,0.000509011,0.00052421703,0.00164393,0.0005218817,0.0005252904,0.005106135,0.0027718244,0.98788166,0.00051597937,1
ISIC_0032400,0.41218612,0.0028369061,0.011924801,0.2347172,0.002835155,0.0027968816,0.03835545,0.41218612,0.2880141,0.006333388,1
ISIC_0030546,0.044513594,0.004677568,0.13854644,0.22614954,0.004646842,0.004740207,0.3911961,0.044513594,0.15854543,0.026984299,0
ISIC_0033937,0.18387386,0.0041727214,0.0030773028,0.2516693,0.004462346,0.004157358,0.057105552,0.18387386,0.48005828,0.011423443,0
ISIC_0030859,0.008572432,0.0056437347,0.005348372,0.047417544,0.0054947804,0.00532747,0.012308836,0.008572432,0.90175706,0.008129725,0
ISIC_0033538,0.23933235,0.00679769,0.15106389,0.32775772,0.0061738314,0.0063436753,0.011262445,0.23933235,0.07104885,0.18021953,1
ISIC_0027049,0.045227513,0.0116615975,0.040849265,0.07216606,0.010918269,0.010631192,0.077624045,0.045227513,0.6925617,0.038360395,0
ISIC_0031977,0.0898939,0.004135503,0.0049721315,0.10972871,0.0040941173,0.0041376646,0.03555021,0.0898939,0.73602754,0.011460362,1
ISIC_0029193,0.002693192,0.000371741,0.9229795,0.02322111,0.00036450004,0.00041514315,0.048147272,0.002693192,0.00033297218,0.0014744716,0
ISIC_0031674,0.027862338,0.002258935,0.16642937,0.27937946,0.0023706187,0.0023541674,0.49369478,0.027862338,0.020633282,0.0050171684,0
ISIC_0024457,0.013813905,0.0010345371,0.5313755,0.19628538,0.0010697441,0.0009930719,0.25282964,0.013813905,0.00019961245,0.0023986492,0
ISIC_0033991,0.0039226674,0.002189436,0.0028225707,0.01528735,0.0023825306,0.0027145674,0.92691624,0.0039226674,0.04179764,0.0019669263,0
ISIC_0031863,0.061211016,0.0037158404,0.0046588923,0.10715804,0.00367997,0.003504131,0.010894018,0.061211016,0.7933738,0.011804338,0
ISIC_0028831,0.00044100438,0.0007538071,0.00043694052,0.0014263071,0.0007757458,0.00079228106,0.002238711,0.00044100438,0.99246466,0.00067075965,0
ISIC_0033475,0.00067963096,0.0013722131,0.0011228573,0.009373849,0.0015635922,0.0015608392,0.009234277,0.00067963096,0.9704537,0.0046391473,0
ISIC_0031769,0.014717557,0.008383527,0.082282536,0.34366503,0.008442317,0.008507761,0.0406382,0.014717557,0.37954566,0.11381739,0
ISIC_0033207,0.008760989,0.009544175,0.01491755,0.0685812,0.010251351,0.010064675,0.28554243,0.008760989,0.56640744,0.025930202,0
ISIC_0033637,0.045766637,0.0077379993,0.04615536,0.29623732,0.007731501,0.007186295,0.35780486,0.045766637,0.16960946,0.0617705,0
ISIC_0030586,0.00838393,0.0015209973,0.029357228,0.82362187,0.0015307515,0.001600403,0.008147637,0.00838393,0.026172413,0.09966484,0
ISIC_0032910,0.11392684,0.0058103097,0.18543945,0.35956547,0.005838781,0.0058441353,0.07715773,0.11392684,0.16859423,0.077823095,0
ISIC_0033242,0.082902186,0.005739592,0.019394824,0.47143158,0.006139139,0.006094156,0.18738551,0.082902186,0.19572395,0.025189105,0
ISIC_0033953,0.44768715,0.0025611669,0.004805259,0.2526062,0.00246602,0.0024048649,0.005779444,0.44768715,0.25897858,0.022711387,1
ISIC_0031270,0.0037996003,0.0013572497,0.007546878,0.009482636,0.0013414855,0.0014747789,0.965288,0.0037996003,0.0068221996,0.0028872138,0
ISIC_0027387,0.15024954,0.0022257369,0.0053541884,0.016370827,0.0023856366,0.002368545,0.013657547,0.15024954,0.80398905,0.0033989535,1
ISIC_0031118,0.02171974,0.002205832,0.01867976,0.5141203,0.0021119167,0.0022073176,0.0024636395,0.02171974,0.42471224,0.011779389,1
ISIC_0032450,0.411475,0.002639317,0.07509681,0.3580205,0.0027241707,0.002763653,0.11610804,0.411475,0.0136585105,0.017514046,1
ISIC_0031602,0.24698928,0.002921635,0.0055352016,0.31086683,0.0029449514,0.002833871,0.0041569127,0.24698928,0.40847936,0.015272071,0
ISIC_0027462,0.0005060014,0.0004731016,0.0005086627,0.0011587929,0.00045056315,0.00044575246,0.003209178,0.0005060014,0.9928048,0.000443294,0
ISIC_0026670,0.0057007005,0.00066037825,0.00067284517,0.0030865807,0.00068788975,0.00070554385,0.0021107513,0.0057007005,0.98402405,0.0023511685,0
ISIC_0032656,0.005234485,0.0003710376,0.015044356,0.004757864,0.00037681474,0.0004177819,0.97334903,0.005234485,8.434327e-05,0.000364385,1
ISIC_0033888,0.05103127,0.0046404097,0.013339156,0.26758397,0.0053001805,0.0046007647,0.010970533,0.05103127,0.58460164,0.057932075,0
ISIC_0028287,0.006212038,0.0031298865,0.0071265968,0.021614207,0.0027247963,0.002872415,0.083953224,0.006212038,0.86993945,0.0024274406,0
ISIC_0031829,0.010819961,0.0048527597,0.008502063,0.03653044,0.0048580966,0.005155755,0.053465772,0.010819961,0.8686806,0.0071345526,0
ISIC_0034011,0.11268073,0.002078126,0.007866821,0.75090075,0.0021501319,0.0021077767,0.008357705,0.11268073,0.10383588,0.010022065,0
ISIC_0033349,0.0018685301,0.00029505344,0.004266416,0.003098155,0.00028518875,0.00040356163,0.9891988,0.0018685301,0.00012326484,0.00046080994,0
ISIC_0030019,0.004876576,0.006868243,0.016075071,0.039392825,0.007292289,0.0066303047,0.20562351,0.004876576,0.65149635,0.06174475,0
ISIC_0031281,0.01746607,0.00046989578,0.0008302277,0.002199005,0.00041080514,0.0004897194,0.0029307224,0.01746607,0.9746011,0.00060244673,0
ISIC_0024967,0.60545295,0.003040015,0.01817056,0.19681361,0.0028838736,0.0027958876,0.024053188,0.60545295,0.13957492,0.007214982,1
ISIC_0033992,0.08642496,0.0028351413,0.0031591486,0.13824965,0.0029285091,0.0027390267,0.062908806,0.08642496,0.69529957,0.005455285,0
ISIC_0024943,0.021567672,0.007198339,0.030448824,0.4215985,0.007737537,0.007501772,0.0355725,0.021567672,0.12959138,0.3387836,0
ISIC_0029515,0.122578084,0.0014992572,0.62569046,0.13886325,0.0016918419,0.0015669673,0.102757074,0.122578084,0.00047556986,0.0048775086,0
ISIC_0032363,0.12412415,0.0023776058,0.03495235,0.00576618,0.0022015877,0.0021418754,0.029584745,0.12412415,0.7968461,0.002005474,0
ISIC_0034099,0.02302967,0.009668184,0.0072213756,0.08894807,0.010447896,0.0099335555,0.07410437,0.02302967,0.69915634,0.07749058,0
ISIC_0032384,0.029256955,0.0070538274,0.44938007,0.15498829,0.0070976513,0.007427506,0.121019304,0.029256955,0.031067407,0.19270903,0
ISIC_0031691,0.045344,0.0052748113,0.08680552,0.29527757,0.0051167156,0.0054455223,0.30911228,0.045344,0.20775941,0.039864108,0
ISIC_0031719,0.0033257173,0.0018467017,0.0022539743,0.055409033,0.0020155571,0.0022585222,0.8693833,0.0033257173,0.061613996,0.0018930965,0
ISIC_0034092,0.6072908,0.0033475773,0.015717344,0.052046806,0.0033371379,0.0033056315,0.006457997,0.6072908,0.29613462,0.012362113,1
ISIC_0028851,0.0019879048,0.0015979757,0.0010005039,0.003769825,0.001975885,0.0015924985,0.0038888648,0.0019879048,0.97879595,0.0053906743,0
ISIC_0034294,0.68077826,0.001968489,0.004128257,0.28182992,0.0017839281,0.0017646098,0.0016394388,0.68077826,0.023370562,0.0027366064,1
ISIC_0029947,0.085319065,0.0036768613,0.020747028,0.70949763,0.003334128,0.0035803553,0.0068767057,0.085319065,0.12036448,0.046603795,0
ISIC_0031002,0.014515673,0.008051874,0.07582176,0.18931173,0.008313308,0.008299243,0.10074772,0.014515673,0.28882205,0.30611667,0
ISIC_0033794,0.2676806,0.0040686433,0.007534412,0.16536903,0.0043867812,0.0042573484,0.008960742,0.2676806,0.5064232,0.031319167,0
ISIC_0029786,0.36109027,0.0067087645,0.017147882,0.039127674,0.006807489,0.0069410237,0.0550072,0.36109027,0.48709854,0.02007109,0
ISIC_0031209,0.0021183956,0.0033488527,0.0025891315,0.005495233,0.003302974,0.0033711952,0.0053118924,0.0021183956,0.96897453,0.0054877517,0
ISIC_0025035,0.007240586,0.0018071315,0.0021668929,0.02708484,0.0017783706,0.0017437328,0.0019393932,0.007240586,0.953495,0.0027440256,1
ISIC_0034180,0.05953426,0.004784984,0.01978331,0.30046818,0.0049489443,0.004580989,0.009894823,0.05953426,0.5156291,0.08037537,1
ISIC_0029555,0.021377496,0.004044629,0.008130464,0.4038325,0.004662152,0.0042670066,0.008580631,0.021377496,0.4536793,0.09142593,0
ISIC_0034214,0.16786897,0.0032418612,0.1430659,0.33229333,0.003448552,0.003461085,0.30370975,0.16786897,0.005366931,0.037543688,0
ISIC_0032842,0.040660296,0.009064998,0.044208724,0.58883244,0.010289363,0.009751929,0.060555857,0.040660296,0.14637314,0.09026321,0
ISIC_0027757,0.017793009,0.011597904,0.02984095,0.06804573,0.010700074,0.011545973,0.1968573,0.017793009,0.63123035,0.022388713,0
ISIC_0034085,0.22968249,0.0038824452,0.0034120658,0.019718202,0.0040606386,0.0036626593,0.021406218,0.22968249,0.70507205,0.009103304,1
ISIC_0028399,0.034881916,0.015727973,0.092555545,0.10329963,0.014826152,0.0143879205,0.17454754,0.034881916,0.5205991,0.029174292,0
ISIC_0030664,0.003910907,0.0032462378,0.005854013,0.047592457,0.0034535292,0.0034418714,0.03501279,0.003910907,0.8905999,0.006888326,0
ISIC_0034311,0.2738816,0.0016983649,0.005001472,0.056068357,0.0018407131,0.0017231584,0.0018205404,0.2738816,0.64984626,0.008119475,0
ISIC_0029147,0.017058423,0.012306067,0.07728755,0.43171105,0.013275141,0.013124398,0.30247125,0.017058423,0.058818884,0.07394727,0
ISIC_0032362,0.0032087658,0.00659917,0.009110261,0.042860013,0.006912671,0.007884215,0.13918975,0.0032087658,0.77412003,0.010115166,0
ISIC_0031501,0.002607799,0.0018939747,0.004154255,0.007036337,0.001766398,0.0018025493,0.07334244,0.002607799,0.9051611,0.0022351614,0
ISIC_0031513,0.021415321,0.010978038,0.046217654,0.12382131,0.011965006,0.011067823,0.17179346,0.021415321,0.46150637,0.14123508,0
ISIC_0033965,0.011216766,0.0016475589,0.005647901,0.023480756,0.0017623798,0.0016350758,0.0017178797,0.011216766,0.90788907,0.045002643,0
ISIC_0033268,0.034417402,0.008486399,0.06571788,0.32193205,0.007671945,0.008615264,0.04036215,0.034417402,0.44366765,0.06912925,1
ISIC_0029547,0.014856529,0.0033118946,0.30303597,0.45587325,0.0030434318,0.003370218,0.019012542,0.014856529,0.02886269,0.1686335,1
ISIC_0033433,0.056859016,0.0064858696,0.012065104,0.20115785,0.0076274867,0.006732282,0.15650296,0.056859016,0.5355737,0.016995762,0
ISIC_0029913,0.006627032,0.00460834,0.010383687,0.03322008,0.004801381,0.004775269,0.25680965,0.006627032,0.66905564,0.009718944,1
ISIC_0034130,0.10273556,0.0052847695,0.020093184,0.095813096,0.0055418694,0.005451377,0.3787235,0.10273556,0.37307593,0.013280724,0
ISIC_0027151,0.0069550783,0.01199228,0.05492551,0.0492382,0.011420624,0.010848677,0.28704497,0.0069550783,0.49690554,0.070669055,0
ISIC_0033272,0.09860849,0.0023696863,0.022815196,0.8000647,0.0023092234,0.0024212853,0.011305162,0.09860849,0.016118206,0.043988,1
ISIC_0033436,0.011805568,0.012568834,0.035675842,0.10706723,0.012030442,0.012308985,0.3969986,0.011805568,0.3689307,0.042613793,0
ISIC_0032055,0.0054963813,0.0014575663,0.00043279855,0.0011338708,0.0014027023,0.0013906322,0.0012430951,0.0054963813,0.9868029,0.0006400329,0
ISIC_0032738,0.006444316,0.0034402353,0.039164416,0.26869935,0.0039691576,0.003497434,0.04676273,0.006444316,0.46038136,0.16764107,0
ISIC_0027432,0.005778817,0.0030894137,0.059056647,0.15607439,0.0029094766,0.0030288398,0.04147014,0.005778817,0.71064067,0.017951619,0
ISIC_0027898,0.006820203,0.0023620143,0.023800662,0.17786811,0.0023915868,0.0023913807,0.030193819,0.006820203,0.7436131,0.010559127,0
ISIC_0031524,0.015579569,0.0020002206,0.0025667443,0.016231285,0.0017120099,0.00225311,0.052586365,0.015579569,0.904991,0.002079864,0
ISIC_0031326,0.028669445,0.011468714,0.035981108,0.62926424,0.011266042,0.011465781,0.025609467,0.028669445,0.03422951,0.21204567,0
ISIC_0032962,0.0037797128,0.0035178743,0.03160751,0.15740915,0.004414467,0.0034752598,0.049025264,0.0037797128,0.6875863,0.05918441,0
ISIC_0031545,0.29850462,0.0020153797,0.0022613718,0.023721805,0.0022152283,0.0019036726,0.07854032,0.29850462,0.58931917,0.0015186111,1
ISIC_0033362,0.56644595,0.0027949668,0.0018117197,0.06349764,0.0028470336,0.0026638287,0.0030951293,0.56644595,0.3550742,0.0017696321,1
ISIC_0027143,0.0004920921,0.0003882664,0.00037898266,0.008405798,0.000386866,0.000357271,0.0007584195,0.0004920921,0.9879883,0.0008441036,0
ISIC_0028029,0.20024501,0.0036802364,0.0061117606,0.23968251,0.0036212706,0.003530277,0.011560704,0.20024501,0.52680933,0.0047589303,1
ISIC_0032870,0.043805856,0.00948527,0.6846077,0.106398575,0.0088990005,0.00971314,0.0531612,0.043805856,0.011846093,0.07208326,1
ISIC_0032850,0.017081162,0.007179311,0.3531073,0.054097302,0.0077096224,0.007522985,0.089827575,0.017081162,0.31615654,0.14731823,0
ISIC_0028509,0.01004081,0.006741389,0.04393163,0.2530772,0.0066616796,0.0061032716,0.08549341,0.01004081,0.40956345,0.17838724,0
ISIC_0030672,0.033944435,0.0055431672,0.036080714,0.27730963,0.0060838284,0.0053882054,0.022391489,0.033944435,0.56403124,0.049227208,0
ISIC_0033236,0.013923647,0.004844539,0.012571859,0.06316202,0.0046614534,0.004727671,0.22480369,0.013923647,0.6656776,0.0056276075,0
ISIC_0028747,0.0035727022,0.00032506694,0.922229,0.02073835,0.00034112472,0.00034739365,0.051366758,0.0035727022,1.0305662e-05,0.0010692423,0
ISIC_0033933,0.050525844,0.0019781848,0.0030394753,0.049838323,0.0020436933,0.0019085951,0.013012001,0.050525844,0.87564594,0.0020079243,0
ISIC_0034283,0.011703995,0.0025807705,0.17015849,0.57691836,0.002474888,0.002371269,0.20972864,0.011703995,0.017580587,0.0064830133,0
ISIC_0031380,0.1783206,0.002264772,0.027430324,0.05784827,0.0023560198,0.0023404718,0.58786625,0.1783206,0.13700652,0.0045668012,0
ISIC_0033934,0.38940927,0.0035493344,0.007703715,0.20293276,0.003645964,0.003514717,0.0089287,0.38940927,0.35795543,0.022360085,0
ISIC_0029179,0.00019458814,0.00015468877,4.4846816e-05,0.00012382753,0.00016502485,0.00016245958,9.77224e-05,0.00019458814,0.99895155,0.00010518406,0
ISIC_0033417,0.0014014833,0.002406667,0.09017247,0.09489441,0.0024722903,0.0026441633,0.52189493,0.0014014833,0.2775533,0.0065603494,0
ISIC_0028412,0.35442904,0.0033304126,0.1559932,0.36594725,0.0030215967,0.0032479577,0.06281104,0.35442904,0.030042488,0.021177093,1
ISIC_0030640,0.10762439,0.003182492,0.019877851,0.12966268,0.003462216,0.0031763983,0.034905028,0.10762439,0.6853841,0.012724903,0
ISIC_0027709,0.0070981653,0.0016617172,0.0017085951,0.045190256,0.0018155704,0.0017655365,0.003543891,0.0070981653,0.93449396,0.0027223187,0
ISIC_0031218,0.24080987,0.0054851607,0.09272575,0.31838506,0.0057106307,0.005655413,0.0457103,0.24080987,0.15764269,0.12787525,0
ISIC_0033614,0.0036762455,0.0039520906,0.0047128256,0.017023249,0.004086798,0.0043330677,0.84228814,0.0036762455,0.11518293,0.004744697,0
ISIC_0034299,0.0068165334,0.008704083,0.3444462,0.20809428,0.00814947,0.008738969,0.1290848,0.0068165334,0.08294186,0.20302387,0
ISIC_0026912,0.03773815,0.0056992094,0.020622734,0.6976231,0.0053002457,0.0056845685,0.009760084,0.03773815,0.08929758,0.12827447,0
ISIC_0033758,0.003789768,0.0009853515,0.023785818,0.0061971005,0.001037473,0.0010740341,0.9597915,0.003789768,0.0020217574,0.0013172992,0
ISIC_0033946,0.15402506,0.006501045,0.015698621,0.14137338,0.0061593466,0.0066062394,0.039031867,0.15402506,0.62105995,0.009544465,1
ISIC_0033128,0.0058701513,0.00046541283,0.0001828792,0.0013279264,0.0004842855,0.00046056588,0.00026489582,0.0058701513,0.9905016,0.00044233195,0
ISIC_0031202,0.56647646,0.001953833,0.0026929535,0.04207385,0.0021259214,0.0018294363,0.0022650121,0.56647646,0.3789952,0.0015873717,0
ISIC_0026803,0.012036028,0.003423238,0.009661968,0.5178005,0.0040145316,0.0037676636,0.010482056,0.012036028,0.23823284,0.20058106,0
ISIC_0025869,0.031301804,0.0050739213,0.03863161,0.1398967,0.004846114,0.0048140474,0.036291722,0.031301804,0.70106256,0.038081463,0
ISIC_0034198,0.029437928,0.0009272365,0.00056120235,0.004219694,0.001043566,0.0010472196,0.017489586,0.029437928,0.94487137,0.00040211828,0
ISIC_0024869,0.09042006,0.008380397,0.076761924,0.3450602,0.009103099,0.0077539827,0.030377215,0.09042006,0.38355637,0.04858675,0
ISIC_0032616,0.005334468,0.003557327,0.005475113,0.044504564,0.0037487396,0.0040718145,0.41633207,0.005334468,0.5128411,0.0041348482,0
ISIC_0029778,0.06879618,0.008832194,0.049570072,0.37789634,0.008456931,0.008703079,0.022257773,0.06879618,0.23281708,0.2226703,0
ISIC_0033410,0.007498601,0.003393234,0.4686081,0.38394514,0.0034653258,0.0032376398,0.08660521,0.007498601,0.00854058,0.034706194,0
ISIC_0027174,0.00074776023,0.0009220556,0.0016581176,0.0050560017,0.00096092187,0.00092216115,0.0022895827,0.00074776023,0.9852249,0.0022184777,1
ISIC_0033891,0.0027674746,0.0028854345,0.03415566,0.05215283,0.0027900261,0.0029768737,0.124775305,0.0027674746,0.14718084,0.6303155,0
ISIC_0034003,0.43116117,0.00600362,0.029579494,0.32502583,0.0060900603,0.005588314,0.010503567,0.43116117,0.1264129,0.059635144,0
ISIC_0029687,0.036110647,0.005485398,0.016607122,0.46820226,0.006027268,0.0055979243,0.012152982,0.036110647,0.3532226,0.09659379,0
ISIC_0033018,0.0021977874,0.00084294763,0.00034869934,0.0012561659,0.0008588514,0.0008952683,0.0017899713,0.0021977874,0.9913251,0.00048522773,0
ISIC_0031372,0.04796297,0.0076201716,0.058399428,0.5848399,0.00713342,0.0075450935,0.012169832,0.04796297,0.21253923,0.06178991,0
ISIC_0031890,0.12976006,0.009743184,0.11630569,0.51441246,0.009011732,0.009940678,0.023458248,0.12976006,0.05180645,0.13556151,1
ISIC_0027458,0.008890846,0.0017736128,0.0006337796,0.007642571,0.0017646948,0.0018850308,0.0027999103,0.008890846,0.97350466,0.0011048181,0
ISIC_0031887,0.0095395865,0.010213397,0.018139604,0.032947205,0.009475938,0.01008004,0.23813657,0.0095395865,0.6470176,0.024450116,0
ISIC_0034280,0.008381569,0.0007804834,0.0020574552,0.9498336,0.00081790454,0.00079703674,0.00085094554,0.008381569,0.0099381395,0.026542945,0
ISIC_0031762,0.012066926,0.0016075568,0.70800793,0.15967177,0.0015338798,0.0016589847,0.016096292,0.012066926,0.0017187542,0.097637996,0
ISIC_0033951,0.029318674,0.0007315373,0.00025670134,0.007063283,0.0007456822,0.00071442686,0.000882894,0.029318674,0.9598276,0.00045923414,0
ISIC_0032020,0.010636684,0.0004959242,0.00020920779,0.0019161161,0.000521666,0.0005201075,0.00093681563,0.010636684,0.98443836,0.00032512014,0
ISIC_0033989,0.002868409,0.0005164097,0.00017867525,0.0011076208,0.00054773176,0.00054945773,0.0022988517,0.002868409,0.99129385,0.000639029,0
ISIC_0027012,0.03026374,0.0047063967,0.03555834,0.033597816,0.004260802,0.0049498244,0.3000284,0.03026374,0.5752735,0.011361158,0
ISIC_0028457,0.009933,0.003063311,0.5378194,0.10156722,0.0026342988,0.0032540143,0.21452036,0.009933,0.0101806205,0.1170279,0
ISIC_0032475,0.005823166,0.0068273298,0.015852854,0.040860016,0.0071542705,0.0066234167,0.07480181,0.005823166,0.8089385,0.03311878,0
ISIC_0033971,0.0008098669,0.0012077567,0.00072342134,0.0021211912,0.0012115504,0.0012227513,0.013262819,0.0008098669,0.978681,0.0007595396,0
ISIC_0032214,0.0046221344,0.0038157448,0.049531892,0.5934298,0.0038031507,0.003272124,0.051580187,0.0046221344,0.24549785,0.044447232,1
ISIC_0032578,0.0045062504,0.0025315941,0.0018647455,0.008557066,0.0029970056,0.0028067152,0.21245478,0.0045062504,0.76234,0.001941783,0
ISIC_0034298,0.007283757,0.0022481245,0.005770361,0.06774386,0.0023545104,0.0021590076,0.009184747,0.007283757,0.897414,0.0058417083,0
ISIC_0030063,0.008461683,0.0087361345,0.0672425,0.26174036,0.008444145,0.008243032,0.071038164,0.008461683,0.40922242,0.15687159,0
ISIC_0026869,0.06329234,0.012204437,0.022810226,0.037163485,0.011339151,0.012694408,0.21158047,0.06329234,0.6146268,0.0142886555,0
ISIC_0033483,0.14417613,0.004599564,0.4771692,0.02427388,0.004544553,0.004573642,0.12216761,0.14417613,0.21166705,0.0068284036,0
ISIC_0034292,0.0023397047,0.0033339083,0.0016974638,0.003850963,0.0034059957,0.0035483183,0.007436365,0.0023397047,0.9696066,0.0047807083,0
ISIC_0029296,0.012180957,0.0024302693,0.0027056648,0.027072487,0.0028459476,0.002338589,0.009179893,0.012180957,0.92967415,0.0115721,0
ISIC_0033040,0.00081200124,0.0007361888,0.00077789434,0.020359185,0.00086977,0.00072372064,0.0021731865,0.00081200124,0.96719325,0.006355027,0
ISIC_0032942,0.04271668,0.0009919901,0.00086599,0.0016001447,0.0010679846,0.0010328222,0.002042342,0.04271668,0.9490156,0.00066622737,0
ISIC_0031750,0.003373918,0.0017859134,0.0021378768,0.07939421,0.002003875,0.0017181732,0.0074119032,0.003373918,0.8944859,0.00768814,0
ISIC_0033215,0.0825198,0.010719236,0.04879815,0.13626744,0.011061068,0.010870284,0.4587469,0.0825198,0.19422087,0.04679618,0
ISIC_0028180,0.017730003,0.021649288,0.040691327,0.4074738,0.02213089,0.021438904,0.2009989,0.017730003,0.13184315,0.1360437,0
ISIC_0033726,0.0011708931,0.0006878905,0.00023549702,0.0013437145,0.00073246955,0.0007404642,0.00072436454,0.0011708931,0.9938893,0.00047537676,0
ISIC_0031827,0.009327978,0.0032782014,0.18643431,0.24853228,0.003214477,0.0038016045,0.46258736,0.009327978,0.044507958,0.03831591,0
ISIC_0033757,0.116222374,0.0025343804,0.0015298207,0.25014573,0.0030829862,0.0025640442,0.025088845,0.116222374,0.5963606,0.002471206,0
ISIC_0031941,0.9749691,0.0004062218,0.009571797,0.010033905,0.00043627867,0.00038035598,0.00093365693,0.9749691,0.002450912,0.0008178659,1
ISIC_0032691,0.02900816,0.008497953,0.015774343,0.09455071,0.009393218,0.008334421,0.20530616,0.02900816,0.601544,0.027591098,0
ISIC_0026676,0.06502914,0.0051195747,0.008832156,0.1369009,0.0051696617,0.005227262,0.031145176,0.06502914,0.7336262,0.008949828,0
ISIC_0030406,0.0055020163,0.006555106,0.005068985,0.021249864,0.007013693,0.007430865,0.021749966,0.0055020163,0.91846067,0.0069688,0
ISIC_0033857,0.009339202,0.0084680505,0.113489985,0.51562667,0.007932832,0.007738413,0.04474781,0.009339202,0.16075347,0.13190359,0
ISIC_0032151,0.011948059,0.0015085769,0.0038993724,0.55296254,0.0013434248,0.0014562433,0.0030848167,0.011948059,0.31723806,0.10655888,0
ISIC_0034211,0.028392298,0.0014442806,0.0013950774,0.01312232,0.0014491748,0.00133126,0.0034862782,0.028392298,0.94747394,0.0019054962,1
ISIC_0026892,0.0058598784,0.0064301915,0.30289936,0.16052,0.006377984,0.0066352733,0.22174548,0.0058598784,0.23687647,0.0526554,1
ISIC_0033711,0.02013679,0.014757315,0.033847317,0.06753464,0.014937234,0.015629042,0.38099864,0.02013679,0.21259396,0.23956504,0
ISIC_0030479,0.0020892175,0.00046592904,0.00049426354,0.0019080719,0.0004648365,0.00046006494,0.00085039064,0.0020892175,0.99263877,0.00062850973,0
ISIC_0032129,0.013690931,0.003247653,0.15136795,0.27575913,0.0029920177,0.0030826004,0.23589055,0.013690931,0.2989876,0.014981552,0
ISIC_0034089,0.29126984,0.0048458516,0.032999545,0.38527068,0.004790669,0.0045180917,0.005501957,0.29126984,0.2622687,0.008534726,1
ISIC_0029402,0.0018624617,0.001490881,0.0011559817,0.004042424,0.0015482418,0.0014942383,0.0044232467,0.0018624617,0.98160976,0.0023726495,0
ISIC_0034205,0.024457328,0.015283773,0.2014894,0.31052193,0.014055977,0.013862814,0.16368024,0.024457328,0.15997422,0.0966743,1
ISIC_0034049,0.45732728,0.0010969642,0.007815515,0.4999127,0.0010752613,0.000960341,0.0016507654,0.45732728,0.02851114,0.001650084,1
ISIC_0031528,0.019315837,0.01669967,0.019624526,0.5399215,0.017385684,0.016991653,0.020313082,0.019315837,0.03783522,0.31191283,0
ISIC_0033223,0.101521395,0.0016231074,0.0024415029,0.036480334,0.0017136913,0.0015763621,0.0032013375,0.101521395,0.8489488,0.0024934737,0
ISIC_0027907,0.06637097,0.009549315,0.016193101,0.3849425,0.009897199,0.009447006,0.06229931,0.06637097,0.3598078,0.081492774,0
ISIC_0026326,0.059450787,0.004554634,0.016823635,0.12467166,0.004482076,0.0050762817,0.34002066,0.059450787,0.43262467,0.012295556,0
ISIC_0029514,0.015816268,0.004496103,0.057138957,0.25604853,0.0050881426,0.0048329458,0.15179543,0.015816268,0.41970816,0.085075565,0
ISIC_0026950,0.06311186,0.002541652,0.25482258,0.3784649,0.0026524288,0.0025594088,0.2852455,0.06311186,0.0013570277,0.009244664,1
ISIC_0030089,0.018426232,0.003968047,0.13482569,0.11047899,0.0042471974,0.0040181144,0.027943013,0.018426232,0.13884898,0.55724376,1
ISIC_0033736,0.034167565,0.0027391023,0.07350757,0.5001144,0.0023134649,0.0026169517,0.0927754,0.034167565,0.0022723256,0.28949317,0
