name,pred,d7ft_0,d7ft_1,d7ft_2,d7ft_3,d7ft_4,d7ft_5,d7ft_6,d7ft_7,d7ft_8,true
ISIC_0034246,0.8834125473142945,0.0029613925,0.0031719857,0.01015511,0.0027107396,0.0030180921,0.022341317,0.7983908,0.15171117,0.005539452,1
ISIC_0034162,0.10013292926814078,0.0020131816,0.010686218,0.38886255,0.0020311673,0.0020581894,0.008610471,0.017283756,0.38887584,0.17957866,1
ISIC_0033879,0.05052236369993539,0.0014632038,0.0010749615,0.0037839785,0.0014313167,0.0013146874,0.0020042767,0.004390485,0.9803645,0.0041726897,0
ISIC_0029779,0.051398660337256846,0.00042522317,0.075463,0.0326139,0.0004201268,0.00034015282,0.875455,0.0045628487,0.0052680867,0.005451707,0
ISIC_0030085,0.31128085961043267,0.0017385923,0.035352256,0.191878,0.0015525762,0.00179628,0.10850848,0.1171592,0.5322084,0.009806237,0
ISIC_0029752,0.06371011414425334,0.0043366444,0.008234201,0.25741538,0.004402322,0.005242661,0.42161426,0.0072281025,0.27186748,0.019658972,0
ISIC_0034048,0.2898660696966541,0.0021039038,0.068542175,0.29252908,0.0020171006,0.0023241143,0.015619089,0.10417966,0.26204222,0.2506427,1
ISIC_0025152,0.12964279943844914,0.005226067,0.007682865,0.030510267,0.005834418,0.0063369013,0.2321532,0.02730963,0.6695275,0.015419275,0
ISIC_0033902,0.529938082556579,0.0010463531,0.0021430831,0.035091434,0.00096549775,0.0012137591,0.48540124,0.29114115,0.17584166,0.007155822,1
ISIC_0033546,0.1545034008748827,0.0014827104,0.006408068,0.034842562,0.0014457107,0.001561207,0.11468869,0.036850322,0.7225415,0.080179185,1
ISIC_0026391,0.127732514697435,0.001996103,0.0049466584,0.065033466,0.001725132,0.0020091548,0.049909145,0.026616344,0.8438188,0.0039454037,0
ISIC_0027822,0.0479861790031176,0.00042997557,0.004874024,0.89901656,0.0004440768,0.00048248502,0.013524443,0.0039057431,0.06994083,0.00738185,1
ISIC_0031953,0.5846360864642312,0.0038512945,0.053345013,0.08033576,0.0030435855,0.0033394226,0.009597771,0.34857604,0.48048663,0.017424567,1
ISIC_0033871,0.09118933838425396,0.002421686,0.002748308,0.009871225,0.002358478,0.0024171362,0.005763521,0.0145542575,0.95425224,0.005613275,1
ISIC_0028085,0.08733527141111756,0.002942963,0.076269194,0.12323073,0.0029753603,0.0029718713,0.32125244,0.013426641,0.09436262,0.3625682,0
ISIC_0034153,0.08314436033810207,0.00039578188,0.71936506,0.118180685,0.00040198458,0.0004105378,0.027217537,0.01223525,0.014818852,0.1069742,0
ISIC_0031160,0.4623857652501715,0.002243229,0.008420648,0.01475634,0.002108697,0.0022313872,0.010576626,0.22858094,0.72760653,0.0034756248,0
ISIC_0031474,0.16376313404142656,0.0018142324,0.00927883,0.35061097,0.001725187,0.001785367,0.35072282,0.040641047,0.08521793,0.1582037,0
ISIC_0030851,0.07866898890545994,0.0039192038,0.031363495,0.12841456,0.0042954604,0.00468279,0.1568198,0.011004515,0.64940685,0.010093351,0
ISIC_0033752,0.2037343624497204,0.0008423563,0.035691958,0.20075154,0.0007690563,0.00080795464,0.045426313,0.05840689,0.056240905,0.60106295,1
ISIC_0033865,0.10218238623926269,0.000600036,0.0056208894,0.6812642,0.0005371002,0.0005620841,0.0069954987,0.017930632,0.03857945,0.24791013,0
ISIC_0031872,0.14844213225493336,0.0029831678,0.13004681,0.15356219,0.0030626117,0.0037785892,0.5150222,0.034437474,0.10154038,0.055566628,0
ISIC_0034070,0.18525579389658617,0.00040017333,0.043071352,0.57457405,0.00032206287,0.00041908165,0.005827502,0.049915053,0.32400048,0.0014702495,0
ISIC_0030845,0.5832956591154045,0.0020196035,0.0020800466,0.0061056116,0.0018900557,0.0021015692,0.012684724,0.34709036,0.62297493,0.0030531387,0
ISIC_0033186,0.8962789595588938,0.0021517496,0.0019197563,0.025870753,0.0019770106,0.0021228755,0.005819391,0.82322836,0.13355975,0.0033503633,1
ISIC_0034262,0.2261409834557371,0.0021072398,0.0037262083,0.014768111,0.0019826135,0.002105602,0.010358744,0.069334984,0.8884029,0.0072137066,1
ISIC_0032313,0.45287978400870454,0.0007731555,0.39159778,0.14994608,0.00068627164,0.00082098006,0.003345868,0.22046132,0.22921963,0.0031489783,1
ISIC_0032221,0.07834966019125315,0.0025382484,0.0033519573,0.011923462,0.0024348202,0.0026953407,0.05848174,0.010918385,0.9048676,0.00278851,0
ISIC_0024770,0.1897953043551953,0.004951488,0.17915593,0.319486,0.0048043616,0.0045051933,0.035047468,0.051957227,0.021617493,0.3784747,0
ISIC_0033299,0.9567400433024325,0.0002508289,0.00091600744,0.0025365436,0.00020655092,0.00020258343,0.042598005,0.9407986,0.011329807,0.001161184,1
ISIC_0033583,0.07416101587145373,0.00051835674,0.006172481,0.5736427,0.00048952276,0.00050453906,0.12115315,0.00981004,0.065786816,0.2219224,0
ISIC_0029674,0.040558663830954085,0.00044851992,0.0068669613,0.889087,0.00051276135,0.00052954274,0.0064201304,0.0026149747,0.03817361,0.05534655,0
ISIC_0027419,0.5307406725498954,0.0007695704,0.17455928,0.33668193,0.0006260983,0.0006598136,0.0041916487,0.29193816,0.028371295,0.16220221,0
ISIC_0033310,0.2703196758333541,0.00021805489,0.16098006,0.0033423079,0.00020959298,0.00022234468,0.7178064,0.09289575,0.00316786,0.02115756,1
ISIC_0029902,0.09377732443769743,0.004865831,0.04354056,0.21571027,0.0049391272,0.0051600575,0.16394596,0.015328144,0.3523866,0.19412355,0
ISIC_0031127,0.5785221158779729,0.001081854,0.018706482,0.20538752,0.0009844779,0.00091304875,0.0059994324,0.34183243,0.41668692,0.008407841,0
ISIC_0032244,0.6292089210486256,0.00057156425,0.010473784,0.44075853,0.0005260157,0.00053649273,0.008366293,0.40035987,0.10883748,0.029570017,1
ISIC_0027948,0.06630706251269208,0.0030918356,0.0035426933,0.02913616,0.0029654761,0.0032711362,0.040350106,0.007844075,0.9041357,0.005662918,0
ISIC_0029161,0.4261614404802219,0.0013325621,0.026106132,0.10220664,0.0013458506,0.0012476145,0.5407319,0.19848828,0.03984418,0.08869683,0
ISIC_0033833,0.08592181126910434,0.004984885,0.010639376,0.12416869,0.0050411853,0.005400118,0.12608781,0.013020712,0.6940502,0.01660707,0
ISIC_0033708,0.10092406148716267,0.002036235,0.116130404,0.5341093,0.0020893423,0.0023194226,0.18367355,0.017532539,0.013100845,0.12900834,1
ISIC_0032376,0.2720147368916793,0.0014040454,0.038519517,0.17775491,0.0013867305,0.0012986748,0.2893935,0.09385323,0.39384958,0.002539892,0
ISIC_0033696,0.3850744572582546,0.00027188938,0.0034990925,0.0052368795,0.00028819728,0.00029867786,0.80740404,0.16703662,0.013554844,0.0024097003,1
ISIC_0034046,0.4182746379546442,0.0009734705,0.001870173,0.017706757,0.0009605285,0.00094440824,0.015566329,0.1922355,0.7423045,0.027438397,1
ISIC_0034185,0.14428680803870633,0.0028057785,0.0025969504,0.00765492,0.002588747,0.0025686547,0.01062351,0.032815173,0.9348249,0.0035215553,0
ISIC_0025600,0.12654434241973406,0.0013933775,0.7665446,0.027012957,0.0014399462,0.0016258465,0.13627468,0.026188094,0.031779967,0.007740561,0
ISIC_0030574,0.14554225127776807,0.0012721608,0.3860662,0.025068734,0.0012850807,0.0014546483,0.52166766,0.033302564,0.017454395,0.012428465,0
ISIC_0033925,0.8520396301803274,0.0003560543,0.0059341495,0.056585785,0.00037378768,0.0003512375,0.16388088,0.7393396,0.028956164,0.0042223837,1
ISIC_0033509,0.1395742645542287,0.00068448915,0.01591853,0.8508466,0.00070559187,0.00092374237,0.006369998,0.031007115,0.048917405,0.04462661,0
ISIC_0024624,0.11285577707632499,0.0009154274,0.02969019,0.54372835,0.0008838402,0.00090620754,0.048175585,0.021422474,0.090615414,0.2636625,1
ISIC_0033364,0.16526182804218914,0.0008900707,0.024117077,0.109387435,0.00086203835,0.00082751614,0.22927885,0.04126632,0.08778278,0.505588,0
ISIC_0034232,0.08440562764815498,0.004814204,0.0079692295,0.072366394,0.004804149,0.005380159,0.09754168,0.012589916,0.7697799,0.024754215,0
ISIC_0030086,0.22895422685833608,0.0011034088,0.001490043,0.008722941,0.0010336189,0.0010481676,0.0102279475,0.070755616,0.8982849,0.0073332908,0
ISIC_0032150,0.08637241495435746,0.0015217805,0.1268779,0.23923115,0.0014024029,0.0017241057,0.35855982,0.01314967,0.19608581,0.06144734,0
ISIC_0028219,0.10152039785721241,0.0018561346,0.020710232,0.11936525,0.0017612482,0.001971491,0.044315126,0.017720835,0.7823087,0.0099909855,1
ISIC_0033866,0.0705306721449825,0.0005613601,0.011298889,0.75380135,0.00052250474,0.00054313074,0.015700785,0.008882576,0.039254677,0.16943471,0
ISIC_0030709,0.14257061395404869,0.001331549,0.08696562,0.4093019,0.0012456032,0.0013985655,0.057805475,0.032152787,0.3908107,0.018987795,0
ISIC_0031323,0.06811847818846196,0.0036483135,0.024608068,0.2776514,0.0037205454,0.004078854,0.076545425,0.008284,0.46429345,0.13716996,0
ISIC_0030053,0.31863711351820423,0.0026891185,0.2910629,0.05341515,0.0022829287,0.0026263737,0.053294886,0.12176897,0.42067447,0.052185178,0
ISIC_0033380,0.08724868660307693,0.0015358931,0.005143057,0.15601271,0.0015907927,0.0014918124,0.47419223,0.013401656,0.2944012,0.052230656,0
ISIC_0034058,0.07903724736884944,0.00073645305,0.69047254,0.01310972,0.00069544575,0.00066718186,0.010900784,0.011104125,0.0023362513,0.26997754,0
ISIC_0034110,0.06117272120411932,0.0007041036,0.0025238402,0.023330495,0.00064460107,0.0009147011,0.95275563,0.0066435263,0.0040762676,0.008406769,0
ISIC_0031748,0.3249748688169469,0.001048122,0.04313004,0.29855165,0.0009382367,0.0011067746,0.0071511525,0.12580325,0.5184261,0.003844648,0
ISIC_0031479,0.9669937906092857,0.0011873972,0.0044803056,0.008780187,0.0011577416,0.001254572,0.0018363331,0.9595583,0.018978624,0.0027664865,1
ISIC_0028755,0.3398718559044539,0.0019560005,0.040942375,0.4119791,0.001965043,0.0020853374,0.003377441,0.13551715,0.315398,0.08677954,0
ISIC_0033461,0.08124749087355146,0.0037387095,0.008648641,0.2601785,0.0037020505,0.0039648367,0.009476307,0.011708272,0.684833,0.013749738,0
ISIC_0034083,0.19201722428259516,0.0031723008,0.002621021,0.035746183,0.002637316,0.0029517603,0.04894269,0.05296727,0.8398127,0.011148742,0
ISIC_0034142,0.08197039786129907,0.000572717,0.10619712,0.60337806,0.00046475107,0.00063728786,0.0154677695,0.01190819,0.0037233853,0.25765082,0
ISIC_0033610,0.12799944904003802,0.00088139897,0.10842176,0.61779547,0.00082150847,0.00102684,0.0037240963,0.026712868,0.2224789,0.018137136,0
ISIC_0033339,0.09480792418348338,0.001659785,0.0023798093,0.019527059,0.0016119225,0.0017632723,0.72391224,0.015639987,0.22976814,0.003737782,0
ISIC_0033183,0.38489642856120654,0.0009962979,0.12870859,0.03390897,0.0009484153,0.000897102,0.56482357,0.16690628,0.0076880828,0.09512269,1
ISIC_0033942,0.7251338882763625,0.001614158,0.07716083,0.28488955,0.0014811711,0.0014762434,0.013343676,0.5288911,0.022799565,0.06834379,1
ISIC_0029945,0.3371745263426404,0.0020984022,0.16236569,0.21655004,0.0018948741,0.0022364382,0.033306736,0.13373406,0.43048868,0.017325133,0
ISIC_0030824,0.7639350115767037,0.00041613853,0.027375704,0.27919942,0.00040378622,0.0004246847,0.009858105,0.58816767,0.091489114,0.002665419,1
ISIC_0033784,0.23947092475381848,0.00072463317,0.055424493,0.3052077,0.0006341029,0.0007160612,0.36550903,0.07616215,0.048707057,0.1469148,0
ISIC_0034318,0.1060084205150052,0.0015523676,0.0035125015,0.1922239,0.0013663424,0.0017554483,0.74388695,0.019158898,0.025027448,0.011516226,0
ISIC_0033695,0.03586848741971008,0.0005583235,0.0020700353,0.009094112,0.0005645204,0.00051226234,0.06922281,0.0019086835,0.009457936,0.90661126,0
ISIC_0029559,0.07601281850067303,0.0022681027,0.16979669,0.38230738,0.0020362283,0.0021597918,0.055094875,0.010295085,0.21012954,0.16591235,0
ISIC_0033685,0.5477215124765812,0.0005459347,0.0014014686,0.2738707,0.00057629554,0.00052266056,0.07539163,0.3091128,0.3295554,0.0090230545,0
ISIC_0031617,0.26703949358701967,0.0031325803,0.025596758,0.016766785,0.0025585867,0.0035713345,0.55194587,0.09105419,0.2826545,0.022719463,0
ISIC_0032388,0.11978047642699227,0.0029713928,0.0037708771,0.08963927,0.0027661999,0.0031127008,0.12891768,0.02379414,0.73475266,0.010275089,0
ISIC_0025836,0.6797067182805021,0.0010197961,0.02628727,0.041769054,0.0008996767,0.0010010445,0.08853907,0.4649539,0.23773372,0.13779646,0
ISIC_0033819,0.8605294083214068,0.000791886,0.0033377446,0.13291901,0.0007486916,0.0008019392,0.003850725,0.7550806,0.09611791,0.006351534,1
ISIC_0034275,0.6314666886267363,0.0004864181,0.4464427,0.12614748,0.00042690555,0.00052709115,0.0059777815,0.40310964,0.011452745,0.0054292115,1
ISIC_0031943,0.154283206819909,0.0006783837,0.72506946,0.004382679,0.0006398366,0.0005741928,0.17379671,0.036761712,0.04346609,0.014630951,0
ISIC_0034143,0.08561659738901706,0.00029207987,0.8609745,0.0065997704,0.00033412495,0.00032239867,0.06570836,0.0129336035,0.019789957,0.033045348,0
ISIC_0029656,0.11324479862393777,0.0071975696,0.023007417,0.23583725,0.006867812,0.007890455,0.22507642,0.02155354,0.38805386,0.084515624,0
ISIC_0034039,0.07422998760430526,0.0028503656,0.0073849075,0.089674234,0.0027438807,0.003234215,0.283872,0.009827963,0.5887591,0.011653243,0
ISIC_0031985,0.2782702576826893,0.0023450304,0.0024443667,0.005308761,0.0023065691,0.0022356634,0.011843718,0.09742127,0.87250227,0.003592531,0
ISIC_0033712,0.19519221175253168,0.002105485,0.12988064,0.07281586,0.002039653,0.0022949462,0.22836791,0.054422468,0.37363932,0.13443376,0
ISIC_0032706,0.7706349316913537,0.0031447138,0.012092471,0.01617124,0.0027287581,0.003019803,0.0070289546,0.59885293,0.34488186,0.012079396,0
ISIC_0034080,0.10556616822759714,0.0025885494,0.0024120195,0.013291198,0.0023373861,0.0027311768,0.011383866,0.019015564,0.9422213,0.004019072,0
ISIC_0033813,0.5177918583899305,0.00444952,0.0079403175,0.123741984,0.004029965,0.0040640426,0.029525641,0.27923876,0.46850377,0.078505985,1
ISIC_0033955,0.16095801680456123,0.0010853376,0.0022070475,0.014893985,0.0009548423,0.00093026273,0.10317651,0.03947947,0.5193612,0.3179114,0
ISIC_0034307,0.07665041626506405,0.0052169054,0.021306992,0.41900083,0.0052156206,0.005787864,0.083562635,0.01046392,0.4038098,0.045635458,0
ISIC_0034271,0.14045602832919804,0.0022500677,0.04196803,0.40401062,0.0021530872,0.0024156463,0.086078085,0.03134283,0.40344706,0.026334673,0
ISIC_0026584,0.336820457711752,0.0012200449,0.49063253,0.12182354,0.0012586435,0.0014360847,0.007470352,0.1335008,0.22284459,0.019813491,0
ISIC_0033869,0.08328636775915173,0.0002302937,0.0059558647,0.41440424,0.0002027131,0.00023719347,0.0030659437,0.012275013,0.031804465,0.5318243,0
ISIC_0032415,0.1067362764590466,0.0018381482,0.24448207,0.027321449,0.0018137433,0.0023894513,0.6059541,0.019395562,0.08847248,0.008333081,0
ISIC_0027537,0.05359769466040867,0.0010345132,0.0023521893,0.3882673,0.0010796629,0.0010988446,0.007480594,0.005006076,0.5877138,0.005966944,0
ISIC_0032663,0.19553005789665004,0.00082008867,0.0018777375,0.2425401,0.00082930905,0.00095995096,0.014698877,0.054578137,0.6810525,0.0026432646,0
ISIC_0029093,0.16940076474594587,0.0025681816,0.063388474,0.26061115,0.0023407023,0.002909879,0.119946636,0.043009955,0.42993122,0.07529392,0
ISIC_0034141,0.5553742323755617,0.0011249562,0.016661596,0.2647372,0.00096165633,0.0010613077,0.07286684,0.3170507,0.1725598,0.15297596,1
ISIC_0032930,0.1760661357762932,0.0017445885,0.17131943,0.07485153,0.00167886,0.0017894678,0.5703358,0.04586945,0.08703803,0.04537285,0
ISIC_0028445,0.5731395450829678,0.0032223088,0.0920574,0.085430555,0.0027822943,0.0028744813,0.008996391,0.33596483,0.40099207,0.067679726,1
ISIC_0033092,0.06216399359861119,0.00018111576,0.014499291,0.0009814281,0.0002026748,0.00017961195,0.97552204,0.006869831,0.0006558422,0.00090823084,0
ISIC_0031093,0.022897167644276618,0.00014854518,0.0019735438,0.0021108214,0.00013828816,0.00014776198,0.9935506,0.0004818357,0.00085376267,0.000594611,0
ISIC_0027415,0.12522576028580604,0.0057678367,0.0046840585,0.018600633,0.005600397,0.0056409836,0.012742678,0.025715519,0.9089758,0.012272075,0
ISIC_0033952,0.7752277908605155,0.0009869803,0.0036508392,0.3136272,0.0009443555,0.0010264298,0.002613826,0.60625523,0.033234295,0.037660845,0
ISIC_0031694,0.08387392870526372,0.003790547,0.012342615,0.10754877,0.0033646298,0.0041935616,0.039779108,0.012439991,0.81074554,0.005795454,0
ISIC_0026524,0.09499870220229166,0.0022261234,0.088770114,0.3332298,0.0023805373,0.0027022844,0.075400546,0.01569794,0.13873528,0.34085733,0
ISIC_0034201,0.17561819837314205,0.0005615993,0.011393446,0.7886313,0.0004986477,0.0006293632,0.007551593,0.0456753,0.08764523,0.05741344,0
ISIC_0031369,0.12042971726415615,0.0013630774,0.6627296,0.069274105,0.0012028599,0.0012397241,0.024634216,0.02402065,0.019099997,0.19643575,1
ISIC_0029460,0.11598145996950568,0.0025627143,0.01869705,0.4190115,0.0026932177,0.0025780895,0.041600164,0.022482907,0.23797832,0.25239605,0
ISIC_0033510,0.33817034730182816,0.0014630575,0.50413865,0.20248012,0.0013471342,0.0015094097,0.007116454,0.1343911,0.11295728,0.034596805,0
ISIC_0029360,0.16071950498895132,0.00086813647,0.49762893,0.034053564,0.00082852517,0.0008610887,0.1221761,0.039381232,0.03686221,0.26734012,0
ISIC_0034159,0.8397017174236302,0.0010422532,0.003972433,0.0035598972,0.00087450194,0.0009846691,0.08535608,0.7168093,0.17408565,0.01331536,1
ISIC_0034279,0.1256372386580354,0.001534229,0.017084332,0.27190155,0.0014801596,0.0016847069,0.20206852,0.025862688,0.050498147,0.42788568,0
ISIC_0026794,0.1097285883291268,0.0015003473,0.35735148,0.32014006,0.001417417,0.0015706364,0.07826742,0.020378446,0.041372992,0.17800125,0
ISIC_0031615,0.2374118206416528,0.0026740772,0.047617283,0.048800576,0.0025526297,0.0025574726,0.017906701,0.07509168,0.787343,0.015456497,0
ISIC_0033156,0.5049933301515025,9.345755e-05,0.0018053529,0.71284664,8.918641e-05,0.00011481263,0.0015427842,0.26701552,0.0147053,0.0017869944,0
ISIC_0033288,0.16555979681488386,0.0010123762,0.0015107085,0.014837444,0.0009808405,0.00092138024,0.0042253765,0.041391023,0.836564,0.09855691,0
ISIC_0034112,0.07830186978522337,0.0025936973,0.0022975025,0.017813582,0.002537918,0.0027986614,0.01710946,0.0109055145,0.93749857,0.006445238,0
ISIC_0034115,0.1900983609003648,0.00031226463,0.0012927849,0.6006528,0.00032157556,0.00033659724,0.003840077,0.052094586,0.33935598,0.0017932795,0
ISIC_0030194,0.22117228051266807,0.0015752178,0.0016595189,0.028494006,0.0014347982,0.0014951992,0.014647341,0.06685232,0.87585413,0.007987525,0
ISIC_0025990,0.7285633159665325,0.0009814324,0.022353273,0.28754175,0.00097204716,0.001174999,0.009456882,0.5339536,0.135733,0.007832973,0
ISIC_0033804,0.08606566684114032,0.002466251,0.0022513855,0.0061675156,0.0022793466,0.0024481642,0.011214937,0.013061836,0.95504314,0.005067389,1
ISIC_0034019,0.12483102616754238,0.002297982,0.0049894783,0.045734324,0.0021392338,0.002278147,0.006055908,0.025574598,0.8990207,0.011909629,0
ISIC_0033768,0.14893691816816762,0.0021748184,0.05483675,0.50939167,0.0021366784,0.0025490732,0.014720599,0.03463238,0.32605678,0.053501446,0
ISIC_0029513,0.31138346999594746,0.0019638434,0.13623725,0.18642706,0.0017386643,0.0017657109,0.09541316,0.117222965,0.022855056,0.43637624,1
ISIC_0033464,0.10761348138913879,0.0019880037,0.0023256834,0.014895776,0.0017710439,0.0019895404,0.017475551,0.019682048,0.9342061,0.005666129,0
ISIC_0034269,0.7423776676140197,0.0066002756,0.024228353,0.06776755,0.006245845,0.0064969244,0.012261381,0.55469054,0.30803722,0.013671852,1
ISIC_0026122,0.1105708408031621,0.0043305284,0.009715089,0.10666864,0.0041255173,0.004300841,0.13022397,0.020657955,0.7070556,0.012921889,0
ISIC_0034054,0.097735913448592,0.0010818805,0.0011179155,0.011671558,0.0009939653,0.0010555774,0.002778018,0.016537147,0.95367616,0.01108777,0
ISIC_0033894,0.4393638101000989,0.00208332,0.053845074,0.16288489,0.001948718,0.0019881749,0.01838375,0.20919147,0.4824101,0.06726456,0
ISIC_0030786,0.04531271420298891,0.0017425338,0.014137873,0.01710166,0.0019377599,0.0019352318,0.7522118,0.003418301,0.010972447,0.19654243,0
ISIC_0028994,0.14208811412455774,0.00069220155,0.6017608,0.04522738,0.0006939221,0.0006846959,0.12620245,0.03196737,0.0034504712,0.18932067,0
ISIC_0030182,0.1537862464240876,0.0072081904,0.0053515215,0.029167822,0.007014359,0.007267849,0.011033258,0.03656199,0.8682724,0.028122617,0
ISIC_0026277,0.44751975971440777,0.001491519,0.36790493,0.09769719,0.0012647801,0.0015007264,0.20578718,0.21595375,0.044590786,0.06380902,0
ISIC_0031668,0.03953588096311494,0.0005788817,0.002125153,0.56976676,0.0005798206,0.00061857834,0.009751403,0.0024533616,0.3867426,0.027383432,0
ISIC_0028052,0.10295915490383335,0.0035387587,0.020222003,0.18554407,0.0033194174,0.003622312,0.05574394,0.018177835,0.6898038,0.02002787,0
ISIC_0033823,0.4058610103338862,0.0027536596,0.0030736672,0.010535493,0.002408291,0.002685791,0.012203715,0.18260354,0.7787346,0.0050013023,0
ISIC_0033668,0.1832865458260983,0.00044556288,0.020320108,0.8066435,0.00041644982,0.0004692357,0.030046184,0.04903812,0.07532561,0.017295307,1
ISIC_0034006,0.8218490732135646,0.00014690576,0.0010435177,0.20056789,0.00012144102,0.00015857727,0.05843509,0.68496865,0.05177166,0.0027862575,1
ISIC_0026276,0.16962605356259208,0.002095854,0.111023426,0.088304,0.0020148193,0.0022239904,0.038939692,0.04310557,0.024490057,0.6878027,0
ISIC_0027607,0.23132084689481142,0.0008604638,0.001464703,0.39062265,0.00077689614,0.0009378129,0.01065353,0.07195909,0.51913625,0.0035886362,0
ISIC_0027023,0.29888307231261513,0.002267406,0.0357416,0.24190931,0.0026158248,0.0023346122,0.0317518,0.10956558,0.14852391,0.42528996,0
ISIC_0034319,0.08326543862770655,0.0017892619,0.0025253769,0.085405044,0.0017394864,0.0018384518,0.0049107536,0.01226915,0.88305396,0.0064684744,0
ISIC_0034315,0.2346400321551258,0.0009842452,0.008062652,0.1687877,0.0008409586,0.0008491419,0.42021447,0.07365986,0.21641687,0.11018417,0
ISIC_0033445,0.09733365928974451,0.0032785174,0.0033521259,0.05809927,0.0028902192,0.0034320985,0.21801189,0.01641292,0.6844363,0.010086692,0
ISIC_0033604,0.11294478276514724,0.0034058539,0.004877679,0.038563978,0.0031976867,0.0035714805,0.018786594,0.021452438,0.89899683,0.007147512,0
ISIC_0032978,0.6563297703441617,0.0007956551,0.29348916,0.15322116,0.0007253074,0.0007689188,0.078332596,0.43423492,0.017971266,0.020461082,0
ISIC_0028155,0.09920506653193276,0.0008101225,0.18473531,0.0227909,0.0007164103,0.00079491426,0.7471904,0.016993467,0.001606318,0.024362141,0
ISIC_0032654,0.47228104898066575,0.00187556,0.13352425,0.33298504,0.0015579285,0.0017104105,0.005783003,0.23720606,0.24752735,0.037830364,0
ISIC_0030687,0.3082109154343249,0.0016946463,0.24478562,0.06419137,0.0015339608,0.0015865356,0.4130385,0.11525843,0.15356852,0.0043424307,0
ISIC_0033468,0.5683494343676846,0.00032094782,0.019758614,0.069634736,0.00033611557,0.00038233653,0.5640132,0.33079708,0.010774423,0.0039825803,0
ISIC_0028415,0.06360698761547716,0.00038544147,0.0017369343,0.00061333406,0.00038035118,0.00028491614,0.002779804,0.007204007,0.010391115,0.97622406,1
ISIC_0033611,0.3388170513917492,0.004874416,0.03861561,0.20648213,0.004858768,0.00544128,0.017672945,0.13481858,0.5771485,0.0100878095,1
ISIC_0025619,0.1006023263500036,0.0013103313,0.005309479,0.012103048,0.0012765728,0.0014069886,0.004030085,0.017431224,0.95518273,0.0019494543,0
ISIC_0033437,0.5948552708987024,0.000904272,0.0025878518,0.45033842,0.0007719747,0.00078219344,0.004912804,0.3600371,0.15744935,0.022216061,0
ISIC_0034189,0.5664122446403107,0.00038421314,0.01345219,0.45393807,0.00037765363,0.00037423702,0.009899681,0.3287215,0.05841505,0.13443749,0
ISIC_0028109,0.13239172196449486,0.0030585919,0.0063081975,0.05423848,0.0028747236,0.0033264437,0.02144747,0.028317511,0.8727032,0.007725226,1
ISIC_0033841,0.05811678918636172,0.003104787,0.002477421,0.025283162,0.0028349843,0.0032817225,0.010534009,0.0059629995,0.9374544,0.009066396,0
ISIC_0033575,0.07095504689452266,0.00035948434,0.04871398,0.0067948024,0.0003834551,0.0003591864,0.9283143,0.008989361,0.0016748706,0.0044105346,0
ISIC_0034186,0.14360745070047223,0.0009731672,0.5879303,0.019765036,0.00081269845,0.0008286703,0.21075134,0.03255243,0.002772326,0.14361396,0
ISIC_0031443,0.0504096992319195,0.00083905546,0.010194978,0.010768799,0.00069894135,0.0007308544,0.01015435,0.0043685036,0.011576662,0.950668,0
ISIC_0031329,0.05337538689511936,0.0011799128,0.011112514,0.76476514,0.0012386204,0.0014053931,0.016667029,0.004960585,0.05479915,0.14387174,0
ISIC_0031555,0.08270308321036558,0.005094804,0.050870772,0.16575305,0.004882075,0.0056824028,0.29021725,0.012111965,0.4473097,0.0180781,0
ISIC_0029534,0.04991984615347271,0.00071792485,0.07864127,0.0039201393,0.0006829771,0.0006305775,0.888071,0.0042734095,0.015629921,0.0074327984,0
ISIC_0034013,0.105565562730365,0.0019175988,0.022508414,0.04648371,0.001984691,0.002061009,0.67116445,0.019015368,0.22639225,0.008472504,0
ISIC_0030623,0.20064047991717943,0.0014398851,0.0026654964,0.009154559,0.0013462667,0.0013681097,0.3708268,0.05695213,0.5529691,0.0032777486,1
ISIC_0032396,0.6289334920795452,0.00067230035,0.006246781,0.06300246,0.00062662933,0.00064903154,0.38620842,0.40002528,0.124144986,0.018424096,1
ISIC_0028746,0.8991543355395831,0.0010216314,0.0059311725,0.06064328,0.0009066678,0.0010622698,0.01634091,0.8288175,0.0711394,0.0141371405,1
ISIC_0033366,0.09843001852613997,0.0017298711,0.40782887,0.18959978,0.0017337276,0.0018126759,0.06738182,0.016752228,0.014441554,0.29871953,0
ISIC_0033562,0.3165531929918894,0.00044474585,0.0071121613,0.719086,0.00044454797,0.0005750946,0.0063887574,0.12045517,0.13825333,0.0072402805,1
ISIC_0029845,0.08400317183670616,0.00475479,0.012725933,0.091107376,0.0044735055,0.005418203,0.109970786,0.012476379,0.74771136,0.011361743,0
ISIC_0026666,0.3602348345126128,0.0022235604,0.0103363795,0.0084172925,0.0020590033,0.0023516896,0.02464312,0.14932941,0.7857747,0.014864822,0
ISIC_0024702,0.29186168317423894,0.00015415838,0.0047703753,0.0019254162,0.00015546514,0.00016028961,0.869462,0.105361775,0.016558088,0.0014524278,1
ISIC_0025554,0.35549360508166633,0.0010978322,0.37230727,0.2572662,0.0012308515,0.0011068694,0.14910561,0.14605758,0.021368166,0.050459664,0
ISIC_0031268,0.16422615976142524,0.0020649347,0.14006661,0.3498597,0.0019505812,0.0021171337,0.12477136,0.04083388,0.15356284,0.18477306,0
ISIC_0028971,0.12547291476080927,0.0020356071,0.0052448083,0.028434003,0.001988065,0.0023563672,0.05149567,0.025803883,0.8782453,0.0043962556,0
ISIC_0033969,0.026034516740933242,4.0329844e-05,0.00022056978,0.00039195796,5.025329e-05,4.119729e-05,0.9979647,0.000747815,0.00032542332,0.00021774403,0
ISIC_0025959,0.06421685752143753,0.0027512787,0.0015157765,0.0041738097,0.0025228814,0.002428134,0.0047423206,0.007346912,0.96778816,0.0067306384,0
ISIC_0033631,0.05920730385262268,0.001359294,0.0042361766,0.7267385,0.0013438435,0.0013244868,0.12517649,0.006202836,0.09489723,0.038721096,0
ISIC_0031008,0.13785274265521305,0.001547249,0.042267937,0.66511065,0.0014323122,0.0016580347,0.013048413,0.030355139,0.08464045,0.15993989,0
ISIC_0027198,0.08340735074750831,0.0035020728,0.012158898,0.07995663,0.0035298888,0.003931692,0.2689809,0.012308923,0.5986213,0.017009644,0
ISIC_0029190,0.13796025032403308,0.0015973147,0.12701671,0.253035,0.0014543978,0.0017164497,0.1410992,0.03039572,0.40059167,0.043093573,0
ISIC_0033398,0.13287460844668353,0.0054480005,0.49675933,0.069714315,0.005827661,0.0064237663,0.078416616,0.028495798,0.26506576,0.04384876,0
ISIC_0028803,0.09193542991048054,0.003649917,0.011629225,0.21313718,0.0037024484,0.003974477,0.058087733,0.014776002,0.6765613,0.014481631,0
ISIC_0033490,0.07952893395498446,0.0011181042,0.0036768545,0.7549053,0.0011206315,0.001166938,0.08169732,0.011237591,0.046752702,0.098324575,0
ISIC_0026631,0.6096410224601087,0.0016356859,0.14850393,0.3055969,0.0015000012,0.0015293683,0.020637115,0.37704763,0.03708155,0.10646796,0
ISIC_0032696,0.05671355069188148,0.001446435,0.555512,0.02416567,0.0012341633,0.001311433,0.010764186,0.005659408,0.001962619,0.39794397,0
ISIC_0027609,0.3910636342726639,0.0020267444,0.5140712,0.022323795,0.0021301145,0.0021215614,0.12790027,0.17145078,0.15444733,0.0035282422,0
ISIC_0029927,0.05330136685586991,0.0005910942,0.016807903,0.7097191,0.0005695143,0.0006579423,0.019080287,0.004945472,0.050543882,0.19708471,0
ISIC_0033353,0.07602732515953597,0.0036627855,0.014494645,0.20944789,0.0035900325,0.0040336424,0.036465414,0.010298916,0.58851564,0.12949106,0
ISIC_0029401,0.17792279115172932,0.0013350253,0.03400094,0.046585057,0.0012381285,0.0014198412,0.22882394,0.046677213,0.56848186,0.07143809,0
ISIC_0032498,0.2329985835451335,0.0013256596,0.20647538,0.26642507,0.0011330574,0.0012984077,0.090529926,0.07281689,0.038878422,0.3211173,0
ISIC_0024507,0.06507665320977268,0.002632598,0.0021187782,0.012773633,0.002426801,0.0024267468,0.0031810966,0.007550042,0.9626059,0.004284287,0
ISIC_0033743,0.05196165044062197,0.0023331454,0.004457105,0.19831948,0.0023862736,0.00254749,0.06159502,0.0046748784,0.71521425,0.008472354,0
ISIC_0033237,0.12942357486878342,0.0039221337,0.03558059,0.3588241,0.0038885379,0.00451615,0.11505904,0.027229771,0.42807823,0.022901507,0
ISIC_0034146,0.09554314820828054,0.0036138208,0.018144533,0.05899464,0.0035217658,0.0035128035,0.62855875,0.015863715,0.23614259,0.031647336,0
ISIC_0030998,0.38676475963334767,0.002312328,0.029585605,0.6222057,0.00207566,0.0021036938,0.03041403,0.16827664,0.114204764,0.028821541,0
ISIC_0033627,0.10418902930320495,0.00058561465,0.004952418,0.4641111,0.00055907527,0.00053218874,0.03303456,0.018571498,0.15040629,0.32724738,0
ISIC_0028858,0.19447470905640063,0.002892666,0.2920437,0.13750374,0.0029247466,0.0030001383,0.036928732,0.05409239,0.25722614,0.2133878,0
ISIC_0032333,0.15987519965173494,0.0023071012,0.009397246,0.064923786,0.0021136242,0.0024764005,0.17545484,0.039034147,0.69285727,0.011435644,0
ISIC_0032078,0.23274169980644915,0.002806131,0.018400561,0.25610098,0.0023829634,0.0022742646,0.024775684,0.0726853,0.4541614,0.16641276,0
ISIC_0034156,0.13359962308573678,0.0013441956,0.014405507,0.25683853,0.001293316,0.0013086749,0.02107219,0.028764173,0.47599253,0.19898094,0
ISIC_0032209,0.20003446431481467,0.0013068733,0.005880802,0.1897637,0.0012116047,0.0012969589,0.004121523,0.056668725,0.71410227,0.025647638,0
ISIC_0033387,0.07831802607421584,0.0019655717,0.0029212416,0.15777695,0.0017224038,0.002003028,0.008664335,0.010909865,0.8083603,0.0056763436,1
ISIC_0033615,0.4929795786710671,0.0012556125,0.009630704,0.005494691,0.0012810373,0.0011493986,0.0032032884,0.25583225,0.66373575,0.058417268,0
ISIC_0032009,0.11486783787981232,0.003418081,0.2737847,0.27564546,0.003117945,0.0034406923,0.11859204,0.022103174,0.097840354,0.20205763,0
ISIC_0033332,0.061061867732090866,0.0053926106,0.013859133,0.15554374,0.005384264,0.006007598,0.08697491,0.0066183857,0.52129114,0.19892825,0
ISIC_0034206,0.06390307632455519,0.0045368127,0.004978259,0.102021515,0.0045521855,0.004874949,0.060786176,0.0072732638,0.7974479,0.013528885,0
ISIC_0033152,0.07882783456312967,0.003239759,0.0061226576,0.047669124,0.0032795665,0.0036425092,0.5602636,0.011047444,0.3569258,0.007809534,1
ISIC_0033205,0.10807329313712367,0.0020422111,0.46983597,0.14799298,0.0019632394,0.0022321043,0.04200203,0.019832766,0.07894249,0.23515634,0
ISIC_0033028,0.05422769416085507,0.003629705,0.0054093683,0.19269246,0.0036725712,0.004241195,0.012368931,0.005135816,0.752601,0.020248888,0
ISIC_0030697,0.08251552827490359,0.0030144325,0.0055090734,0.050275642,0.0028770377,0.003454211,0.2584068,0.012059692,0.6584033,0.0059998897,0
ISIC_0033426,0.9171421469598644,0.00062913605,0.05395766,0.011463881,0.00056192337,0.00061164534,0.011218861,0.86400175,0.029161608,0.028393561,1
ISIC_0033375,0.06300928867570744,0.001560591,0.005639365,0.32796085,0.0014784242,0.0015858695,0.017059585,0.007064912,0.61481136,0.022838943,0
ISIC_0030486,0.6557020719361905,0.0011580439,0.16218239,0.27500114,0.0011279128,0.0011838631,0.020972826,0.43342978,0.059185833,0.04575829,1
ISIC_0032987,0.2759295791121503,0.0005967308,0.015773991,0.70080626,0.00057552784,0.0006892405,0.006425192,0.09607982,0.046886764,0.13216653,1
ISIC_0027361,0.0726524561979711,0.0036633431,0.006352929,0.17842756,0.0034166889,0.003470869,0.4844536,0.009420824,0.28058952,0.030204728,0
ISIC_0030021,0.11681995169400908,0.0048678843,0.0061784163,0.026914222,0.0052863196,0.0054694326,0.13140571,0.022770217,0.6389899,0.15811789,0
ISIC_0030384,0.12385216356639513,0.0027646436,0.0028992107,0.40123948,0.0023124714,0.0025604775,0.02508834,0.02522624,0.5208902,0.017018925,0
ISIC_0024821,0.10253572550400313,0.0045865816,0.29853517,0.30282065,0.004205394,0.004568352,0.06825658,0.018042943,0.09563416,0.20335022,0
ISIC_0033027,0.15882127326204112,0.0014318787,0.37065992,0.091605626,0.0012486236,0.0012553636,0.15581106,0.03860235,0.3327414,0.006643818,1
ISIC_0033462,0.12254183643210084,0.0051586647,0.0027024532,0.014235704,0.004861859,0.0044425237,0.023920028,0.02476238,0.9110848,0.00883189,0
ISIC_0033391,0.1020371767666525,0.0007768714,0.7533309,0.016333483,0.00067462673,0.0006729398,0.08724586,0.017884543,0.0024289233,0.12065198,0
ISIC_0033859,0.33185216140497903,0.0020711238,0.035045262,0.16692214,0.001908223,0.0019343201,0.024123617,0.1302472,0.59836715,0.039380994,0
ISIC_0031517,0.7317861591722086,0.0010506132,0.02936917,0.067350775,0.000891436,0.0009926157,0.02196577,0.538742,0.07053717,0.26910037,1
ISIC_0030134,0.10730848354424871,0.0014300282,0.0054814983,0.063849874,0.0013092951,0.001349849,0.49109808,0.019582283,0.11117896,0.3047201,1
ISIC_0033064,0.08290958861337348,0.0010050476,0.004865191,0.036279645,0.0010091683,0.0012804472,0.07257854,0.012169607,0.86375713,0.0070552523,0
ISIC_0033781,0.1043198376956869,0.0018480028,0.030048618,0.13579439,0.0019028783,0.0018680583,0.05024872,0.01861353,0.73764765,0.02202825,0
ISIC_0031531,0.14498346401849257,0.0035182287,0.61768216,0.02460008,0.0031873733,0.0028845142,0.08675831,0.033085335,0.042685952,0.18559816,0
ISIC_0033763,0.05471914140072305,0.0022832414,0.0019453535,0.010124526,0.0020749762,0.0023916468,0.013598802,0.0052378615,0.9574337,0.004909821,0
ISIC_0029636,0.37576851943920975,0.0038116684,0.09638154,0.09680798,0.00353423,0.003986485,0.04842064,0.16029035,0.57459724,0.012169878,0
ISIC_0029301,0.05173828174012037,0.00041149065,0.0111665875,0.05993965,0.0004705535,0.0004839718,0.879151,0.00463031,0.037564367,0.006182047,0
ISIC_0031640,0.1568347187824086,0.0028442142,0.14000477,0.05706572,0.0027650755,0.0026118371,0.5586588,0.037792876,0.16835429,0.029902522,0
ISIC_0034161,0.0611123016998782,0.0009145848,0.40348992,0.022085225,0.0008443817,0.00090881943,0.32565308,0.0066298195,0.029037628,0.21043646,0
ISIC_0033359,0.2746954771216933,0.0013327583,0.014938138,0.13362336,0.001404289,0.0013571313,0.0047312514,0.09537562,0.661394,0.08584343,0
ISIC_0027530,0.10922790137275576,0.0032774333,0.008088975,0.05337116,0.0034548235,0.0032754187,0.64708394,0.02021288,0.1647184,0.09651688,0
ISIC_0033817,0.03904651858666727,0.00017171897,0.0011283843,0.0012780371,0.00017605057,0.00016022573,0.990033,0.0023775005,0.003947804,0.000727176,0
ISIC_0028252,0.411071947498784,0.0014036248,0.0019648487,0.0035379753,0.0014049015,0.0016667157,0.4897422,0.18661582,0.31028715,0.0033766944,0
ISIC_0034230,0.40398701650771496,0.001801451,0.0031524634,0.0063556316,0.0017627365,0.0018167393,0.0066109537,0.18117149,0.79252774,0.0048008617,0
ISIC_0026182,0.06845153524858967,0.004312805,0.014438081,0.40240526,0.004927672,0.0051789316,0.08883965,0.008365788,0.37925094,0.09228093,0
ISIC_0029909,0.27536077928743,0.0003590733,0.0030621123,0.6428241,0.00032225365,0.0003400865,0.00914925,0.09575499,0.060912963,0.18727522,1
ISIC_0032968,0.2482843435882029,0.0010215349,0.2023706,0.14501472,0.00086318294,0.00096738146,0.017149908,0.08080956,0.2110645,0.34073862,1
ISIC_0032374,0.270159336345244,0.0018274346,0.025870055,0.044524632,0.0017307576,0.0018300501,0.36276528,0.092805386,0.17459595,0.29405046,0
ISIC_0033893,0.5562293283214151,0.001953435,0.021683523,0.16361487,0.0017774681,0.0017973998,0.06597118,0.31794542,0.21582298,0.20943378,1
ISIC_0031779,0.10318067564741633,0.00025512464,0.0037494227,0.79444784,0.00024661765,0.00027521144,0.008615348,0.018248536,0.1113584,0.0628035,1
ISIC_0028272,0.05637883188063358,0.00094666483,0.28923693,0.030789433,0.00095113815,0.0010321555,0.53593105,0.005587838,0.016781673,0.118743144,0
ISIC_0034037,0.10063453218714578,0.0016857296,0.009065772,0.43906713,0.0014448231,0.0015989129,0.029228037,0.017441357,0.49692875,0.0035396055,0
ISIC_0027820,0.11359464334532483,0.0035553293,0.12850909,0.432057,0.0032698044,0.0034550407,0.21487491,0.02167163,0.01753135,0.17507595,0
ISIC_0031660,0.13709371747979726,0.0031383296,0.016435115,0.10285943,0.0031025296,0.0034505394,0.12274019,0.03006914,0.6956078,0.022597143,0
ISIC_0033471,0.7205808451554431,0.0008995542,0.0043232804,0.24176505,0.0008676851,0.00092214224,0.023596302,0.522222,0.19713973,0.008264378,0
ISIC_0031824,0.140373688602138,0.0017444271,0.39115033,0.15229045,0.0016590598,0.0018250266,0.07824724,0.03131143,0.1546462,0.18712589,0
ISIC_0028442,0.33831582699011653,0.0014286163,0.03999066,0.46777388,0.0012472944,0.0013381676,0.048200738,0.13448721,0.14428763,0.16124578,1
ISIC_0029879,0.09054284619769848,0.00406623,0.07876254,0.39211607,0.0037314368,0.004409012,0.22745971,0.014363013,0.19792284,0.07716914,0
ISIC_0031400,0.05147806714438917,0.00061025546,0.44710526,0.0041315923,0.0005729633,0.0005136218,0.011738199,0.004578589,0.0010317898,0.52971774,0
ISIC_0032378,0.11285321002885376,0.0020310888,0.048400063,0.17753457,0.0019768411,0.0021942973,0.6162422,0.02142161,0.11030214,0.019897167,0
ISIC_0033055,0.4506516569229312,0.001361471,0.0048143324,0.021756386,0.001244163,0.0012295041,0.01772157,0.2185814,0.6304211,0.10287007,1
ISIC_0030759,0.10978924258105156,0.0014532757,0.15623973,0.6001733,0.001391017,0.0014401652,0.097503036,0.020398533,0.048071582,0.07332946,1
ISIC_0033321,0.2876174574735044,0.0018932818,0.018242382,0.26996523,0.0018302959,0.0017622572,0.0074405507,0.102854386,0.1568904,0.43912122,0
ISIC_0029498,0.07060214909311095,0.0043954914,0.01510145,0.3153915,0.0037684224,0.0045962627,0.09264017,0.008900531,0.5320802,0.023126004,0
ISIC_0033674,0.1671451818149636,0.0025109237,0.027786735,0.07294154,0.0025072058,0.003022489,0.17322755,0.042056676,0.65106285,0.024883993,0
ISIC_0032814,0.05099798944277516,0.0031942432,0.0032226199,0.1234324,0.002706668,0.0028801302,0.013094554,0.004483733,0.83753616,0.009449507,0
ISIC_0034113,0.07576546559392837,2.4666819e-05,0.00014294074,0.9355745,2.763726e-05,3.1613625e-05,0.00063477026,0.010229837,0.051669445,0.0016646609,0
ISIC_0033770,0.1984632054358015,0.00058933557,0.14421314,0.67252016,0.00054898765,0.0006686305,0.10504224,0.055936284,0.0044580614,0.016023265,0
ISIC_0027920,0.17276205359299115,0.0011314572,0.39326838,0.09893409,0.0009443893,0.0011737067,0.36883911,0.04444406,0.08523667,0.0060281134,0
ISIC_0029030,0.11239492418723468,0.0026215499,0.089442976,0.36572763,0.0025153703,0.0029224013,0.036079016,0.021267546,0.30643842,0.17298512,0
ISIC_0025276,0.23212069556245446,0.001402685,0.28309962,0.09868981,0.0013379654,0.0013361548,0.4879442,0.07236756,0.024447002,0.029375045,0
ISIC_0033547,0.08060241057850441,0.0030282026,0.0061847935,0.055989232,0.0027718742,0.0032319825,0.32538575,0.011530837,0.5801205,0.011756781,0
ISIC_0033836,0.07817804169868033,0.0049260743,0.007013902,0.15432546,0.00462605,0.005406227,0.025503227,0.01087219,0.7763363,0.0109905945,0
ISIC_0026188,0.30427291671441614,0.0013905114,0.44467598,0.034422316,0.0012697385,0.0012191401,0.009633109,0.11283993,0.034937587,0.3596117,1
ISIC_0029143,0.11243614949516055,0.0029684368,0.037796855,0.07341527,0.0026730762,0.0027200135,0.039293274,0.02128139,0.41884714,0.4010046,0
ISIC_0033834,0.8977990736629861,0.001476209,0.022225304,0.11641872,0.0013808914,0.0014997007,0.0013946624,0.8261816,0.025970314,0.0034525858,1
ISIC_0032382,0.08072975799923689,0.0015272333,0.053176142,0.72731787,0.0014582475,0.0016490342,0.022699032,0.011565793,0.08272511,0.09788164,0
ISIC_0025062,0.18319742965804017,0.0029745172,0.0046812645,0.012170839,0.002872348,0.0031171464,0.023636939,0.048998564,0.89703554,0.004512778,0
ISIC_0033735,0.19991313303979868,0.0018668916,0.03576811,0.11369546,0.0017207178,0.002026824,0.009796622,0.056612045,0.68552583,0.092987515,0
ISIC_0033580,0.0478304181820461,0.00075887656,0.0007793982,0.00847478,0.0006831028,0.00073334086,0.004437746,0.0038766705,0.97891885,0.0013371753,0
ISIC_0034053,0.09044857918706248,0.002008961,0.0069584684,0.04999209,0.0017251832,0.002141741,0.079254396,0.014335197,0.831104,0.012479916,0
ISIC_0026754,0.2875717996861043,0.0013039339,0.39299986,0.24202526,0.0010241623,0.0012752292,0.012297386,0.10282755,0.11086031,0.13538633,1
ISIC_0030828,0.2745281971343686,0.0014962134,0.1841832,0.062462408,0.0012600367,0.0014023111,0.08634423,0.09528033,0.55662775,0.010943568,1
ISIC_0034074,0.20068718752996234,0.001160484,0.013119253,0.5027033,0.0011806018,0.0012143843,0.11915114,0.056973994,0.27448145,0.0300154,1
ISIC_0031633,0.4628689605124847,0.00025233658,0.68293107,0.054291654,0.00021159186,0.00027742345,0.0044676606,0.22899799,0.022561781,0.006008519,0
ISIC_0029912,0.18717778811479796,0.0022369851,0.005819253,0.023939628,0.0021257948,0.0024026732,0.0077167423,0.05077618,0.9023203,0.0026625083,0
ISIC_0029022,0.4526699927221855,0.00035488573,0.005469048,0.6976416,0.00037378186,0.00041790903,0.0065092356,0.22028394,0.040503245,0.028446332,0
ISIC_0031753,0.11761345787495961,0.0010748839,0.5535965,0.1387965,0.0009903315,0.0011558894,0.18146074,0.02304321,0.04463106,0.05525073,0
ISIC_0033521,0.22312790688333364,0.0031685622,0.0035756975,0.3380105,0.00288403,0.0032868918,0.0054710056,0.06782544,0.55806726,0.017710626,0
ISIC_0033176,0.27897437668742825,0.0018446831,0.009109912,0.094783716,0.001798068,0.0017785957,0.0026849988,0.097826295,0.77047676,0.019697,0
ISIC_0024913,0.3362852233094048,0.0018145962,0.35435483,0.098710254,0.0016775916,0.0017490734,0.066036485,0.13314854,0.0030453594,0.33946332,0
ISIC_0030334,0.20162800471234615,0.0025982913,0.018829824,0.2627184,0.0023330094,0.002845194,0.11294859,0.057415035,0.5306371,0.0096746,0
ISIC_0028531,0.06839451909698677,0.002778888,0.008805795,0.07502373,0.0024961561,0.0030415873,0.06479256,0.008351767,0.8205843,0.014125161,0
ISIC_0033967,0.05705027541846036,0.00087298884,0.002918693,0.20625475,0.0008877408,0.0008638956,0.7484085,0.0057317377,0.028493596,0.0055680997,1
ISIC_0034295,0.07430877766781917,0.0009586404,0.0025595247,0.26102445,0.00095903885,0.0009599134,0.038932387,0.009848451,0.6811554,0.0036022929,0
ISIC_0034060,0.3016804249903488,0.0043791737,0.0029541492,0.0051066442,0.004171944,0.0043406547,0.043476757,0.11125983,0.8204219,0.0038890762,0
ISIC_0032915,0.33424423162988376,0.0010535816,0.4607738,0.018767884,0.00090949156,0.000932467,0.23888318,0.13180916,0.012223585,0.1346469,1
ISIC_0025710,0.19753339262610198,0.00054665963,0.015633209,0.22450264,0.0005353683,0.00064103,0.012535946,0.05550446,0.090828344,0.59927243,0
ISIC_0030106,0.4296716339341289,0.0019204969,0.06316454,0.099209,0.0015527735,0.0016755499,0.15714204,0.20130496,0.107375,0.3666556,1
ISIC_0028766,0.11978272420081605,0.003593849,0.00786362,0.024549948,0.0033650298,0.0036757828,0.008563262,0.023794923,0.91719496,0.007398589,0
ISIC_0026874,0.24360329073441128,0.0030345083,0.40933043,0.117885165,0.00277755,0.0030671568,0.064672776,0.07832795,0.13092987,0.18997464,0
ISIC_0034297,0.18471681936261236,0.0059672017,0.0024683152,0.010386107,0.0055504986,0.0055578174,0.022906655,0.0496745,0.88898706,0.0085018,0
ISIC_0032740,0.1614023972807981,0.0006214835,0.11549827,0.50308317,0.00053770834,0.00060097495,0.20176141,0.039662722,0.010902244,0.12733202,0
ISIC_0028633,0.09535742216571959,0.0032135,0.11885531,0.09475746,0.0033696094,0.0033589613,0.35930428,0.0158071,0.073335454,0.3279983,0
ISIC_0028619,0.12582229528222047,0.0027200687,0.03871296,0.37628588,0.0028835554,0.002781078,0.11858584,0.025928965,0.051166672,0.38093495,0
ISIC_0031346,0.0761346086305761,0.0015534606,0.03537972,0.26544785,0.0014924513,0.0017841274,0.630839,0.010327263,0.040410813,0.012765333,0
ISIC_0033178,0.4401477650121841,0.00045687836,0.025675599,0.0146242,0.00044109832,0.00051291345,0.46632972,0.20983644,0.2773506,0.0047725174,1
ISIC_0028542,0.10294533125757714,0.0035789085,0.19971561,0.06667653,0.0031458796,0.0036209896,0.48791137,0.018173426,0.20817785,0.0089993775,0
ISIC_0033705,0.16274713530117066,0.000253414,0.0030946063,0.8142177,0.00022048996,0.00027267108,0.0076524736,0.04021901,0.08431018,0.04975956,0
ISIC_0024378,0.03564205178423998,0.00019402118,0.008891041,0.007332609,0.0001763851,0.00020377694,0.9640169,0.0018769017,0.015776074,0.0015323589,0
ISIC_0025891,0.12456902677432051,0.0021382067,0.003668964,0.02762681,0.0019702183,0.0022593983,0.0076178904,0.025481204,0.9241347,0.0051027387,1
ISIC_0031029,0.19719333279429083,0.0008822011,0.094761014,0.54708403,0.00076828076,0.0010030664,0.039693795,0.055346828,0.24949269,0.010968206,0
ISIC_0025458,0.3316920625237897,0.0025198706,0.017888615,0.13406488,0.0025154601,0.00276496,0.26025608,0.13014296,0.43731424,0.012532964,0
ISIC_0031166,0.07992461340975783,0.0021710694,0.33174473,0.017038818,0.0022134136,0.0021814278,0.5855329,0.011345385,0.006833721,0.040938508,0
ISIC_0033542,0.08239558303715475,0.0019845746,0.0015849583,0.009793626,0.0016952716,0.0019933917,0.012980747,0.012026302,0.953866,0.004075222,0
ISIC_0033870,0.0705092393084113,0.0042320886,0.0031019133,0.029064909,0.003918798,0.004024948,0.008496452,0.0088771945,0.9212894,0.016994255,0
ISIC_0031169,0.0754684322134287,0.0010955356,0.60755944,0.030854752,0.0010658868,0.0011426468,0.13567989,0.01015167,0.015241814,0.19720834,0
ISIC_0030659,0.18523715417481387,0.0018177634,0.25995514,0.021317568,0.0016605584,0.0017872492,0.2800709,0.049906727,0.015642015,0.36784205,0
ISIC_0033065,0.06242359837876583,0.005404051,0.012919589,0.41950867,0.0053229006,0.0058100685,0.16139857,0.006929539,0.3577858,0.024920743,0
ISIC_0025466,0.11138083738871912,0.003944811,0.121748365,0.5069642,0.003577249,0.004500749,0.15205024,0.020927932,0.023176871,0.16310969,0
ISIC_0029488,0.08738425293548407,0.0007713648,0.009791908,0.13366203,0.000740091,0.00091023574,0.66059774,0.013440782,0.13648987,0.04359613,0
ISIC_0031488,0.08650773987195387,0.0011538106,0.013472614,0.12255245,0.001065759,0.0011350679,0.008574153,0.013188481,0.83396864,0.0048892456,0
ISIC_0033948,0.18556124197234974,0.0032655639,0.0014073764,0.005412455,0.0029032256,0.0029008265,0.0044773007,0.05005156,0.9258043,0.0037774704,0
ISIC_0028490,0.21358844307415809,0.0012915536,0.012414018,0.52731615,0.0012146352,0.0011982417,0.046611723,0.06312811,0.051838476,0.2949871,0
ISIC_0032878,0.2096536337848991,0.00033277055,0.032863315,0.059901047,0.0003118668,0.00033347605,0.03079631,0.061226893,0.80446196,0.0097724125,0
ISIC_0033730,0.7737463491253238,0.0011518772,0.0016992701,0.1415633,0.0010055047,0.0011179695,0.006562918,0.6038607,0.23855077,0.004487711,1
ISIC_0034204,0.14406073819163653,0.0024196806,0.18343554,0.2088754,0.00240764,0.0025685711,0.37240002,0.032727662,0.13258222,0.06258332,0
ISIC_0031212,0.09215970633443693,0.002013797,0.03311061,0.3936277,0.0020917354,0.0022282328,0.33856973,0.014842875,0.13676956,0.07674578,0
ISIC_0034129,0.16143357561098945,0.003198762,0.0029875822,0.039721098,0.00290252,0.002774668,0.006944039,0.03967559,0.8953601,0.006435749,0
ISIC_0031745,0.2463977351384067,0.0029367716,0.07300732,0.30589774,0.002650244,0.0028385732,0.016490612,0.079805784,0.47464886,0.04172415,1
ISIC_0034285,0.9125979536095945,0.0020047766,0.004409176,0.0056455648,0.0019512586,0.0019598508,0.0032364286,0.8550871,0.12399204,0.0017138962,0
ISIC_0027831,0.2053789260902626,0.0050656064,0.12262771,0.3319084,0.004511777,0.004702225,0.053337824,0.059185542,0.0937395,0.3249215,0
ISIC_0030125,0.2857504836411014,0.0028057506,0.010811698,0.021653181,0.0024187246,0.0029470867,0.33089674,0.10175943,0.5215122,0.0051951203,0
ISIC_0033649,0.2598546270331579,0.0014018452,0.0018596895,0.20967364,0.001438704,0.001540399,0.00367998,0.087072395,0.6774789,0.015854476,0
ISIC_0029790,0.21401979134032553,0.0033469945,0.0029047632,0.003542445,0.0031862315,0.0033978217,0.0076351734,0.06333782,0.9045252,0.008123504,0
ISIC_0032698,0.13032824654100872,0.0004874176,0.0029121756,0.8012128,0.00050037046,0.0005682297,0.006601523,0.02755982,0.09826375,0.061893947,1
ISIC_0028938,0.09118330213680029,0.00464622,0.004720818,0.07413962,0.004372883,0.0046794093,0.009102669,0.014552468,0.876989,0.006796916,0
ISIC_0033326,0.1022168991466783,0.0027319924,0.002573897,0.012775572,0.0024312378,0.002578675,0.028621113,0.017941592,0.9267994,0.0035465837,0
ISIC_0030460,0.3842314184445907,0.002921488,0.0024423606,0.022334522,0.002623706,0.002834184,0.0137054445,0.16641985,0.7657184,0.021000069,0
ISIC_0033827,0.09820642233619205,0.0020362395,0.0057813693,0.16766433,0.0021254788,0.0024201532,0.15636168,0.016682843,0.5946261,0.052301772,0
ISIC_0029660,0.1732635464482503,0.001930199,0.003668572,0.012571943,0.0018859272,0.0019341888,0.8035375,0.044659406,0.112266675,0.01754569,1
ISIC_0034191,0.05917252485987585,0.0016481959,0.0017274972,0.0096091665,0.0015400157,0.0015768463,0.0034803413,0.006195135,0.9681301,0.0060928627,0
ISIC_0031221,0.14315570898042207,0.0029273874,0.01698741,0.39125997,0.003045812,0.0036942575,0.077708825,0.032378107,0.45172364,0.02027466,0
ISIC_0034010,0.1802428761781284,0.0030250018,0.05305571,0.05873542,0.002910226,0.0030258605,0.023212695,0.047693446,0.5960392,0.21230243,0
ISIC_0029281,0.7495873521475374,0.00176975,0.011481709,0.021026118,0.0016227452,0.0017371299,0.003352408,0.56573415,0.36446053,0.028815603,1
ISIC_0033539,0.281392928647553,0.0022419584,0.006244018,0.21527664,0.0022963737,0.0023764358,0.4229288,0.099222764,0.2236562,0.02575684,0
ISIC_0028325,0.36405836608788106,0.0025096738,0.11855227,0.17084913,0.0022923516,0.002329229,0.022935478,0.15199292,0.12138436,0.40715453,1
ISIC_0033496,0.3378111752022849,0.0014402677,0.0023984245,0.14330101,0.0013039313,0.0015001646,0.0372299,0.13415395,0.6283093,0.05036307,1
ISIC_0033845,0.26894283361130716,0.0008580933,0.0011555976,0.013180839,0.0008063498,0.00085991336,0.0026349565,0.09212095,0.8828436,0.0055397344,0
ISIC_0033930,0.3422031243209796,0.001541184,0.0011652348,0.0020107392,0.001444693,0.0014007961,0.007108155,0.13706695,0.8453278,0.002934612,0
ISIC_0028211,0.43548212184889007,0.00015737802,0.0066404357,0.63894236,0.00015745159,0.00018747947,0.0030327493,0.20601359,0.14025669,0.0046119425,1
ISIC_0029575,0.645996930881843,0.00063497835,0.4344093,0.080325656,0.0005418113,0.00059432135,0.047492843,0.42110974,0.0030362967,0.011855079,1
ISIC_0034066,0.20893386268776593,0.00010242575,0.9296627,0.0021445537,8.4921536e-05,0.0001016842,0.0007240308,0.060881414,0.0049424735,0.0013558944,0
ISIC_0024698,0.09295064826180599,0.001347887,0.006209377,0.435494,0.0012618558,0.0013152012,0.09205922,0.015079506,0.43238798,0.014844896,0
ISIC_0025049,0.5347174136908394,0.0047685015,0.0250799,0.002014037,0.0046247016,0.004289353,0.004165386,0.29590672,0.65483826,0.0043131043,0
ISIC_0029759,0.09739374004148993,0.0019390909,0.040187467,0.088660635,0.0019462778,0.0022380305,0.6633042,0.016431455,0.17319615,0.012096782,0
ISIC_0029357,0.1540234513331093,0.0016552138,0.56105,0.09087468,0.001609669,0.0017367352,0.20864044,0.036657274,0.052469194,0.045306753,0
ISIC_0033270,0.4683980791129204,0.00043743226,0.024535958,0.6353211,0.00039977403,0.00046139635,0.023815326,0.23380028,0.07535313,0.0058756885,0
ISIC_0026958,0.3154889174966077,0.0026125626,0.12340607,0.31828317,0.0023101943,0.0025169246,0.12368214,0.11978662,0.25863853,0.048763793,0
ISIC_0034176,0.0972250359403667,0.0013416115,0.0027814044,0.14252947,0.0012246008,0.0012837263,0.0059329066,0.016379427,0.82361346,0.004913399,0
ISIC_0031987,0.3266748730923919,0.0013535087,0.014862507,0.41349712,0.0012874282,0.0013429121,0.12306594,0.12689532,0.048284266,0.26941097,0
ISIC_0034169,0.13564474580816552,0.0057143345,0.10726132,0.040634904,0.0053655417,0.0074205473,0.6590014,0.029525662,0.112471305,0.032604996,0
ISIC_0032874,0.5234274240894596,0.002858005,0.0029486285,0.079575375,0.0026200742,0.0028224431,0.032152083,0.28472418,0.580514,0.0117851915,0
ISIC_0034000,0.9217611443742768,0.001694439,0.0048972354,0.019959448,0.0016176878,0.0017236377,0.0056727985,0.8730702,0.08912888,0.0022358317,1
ISIC_0029473,0.3430163426572942,0.00070209044,0.012409325,0.490895,0.00068703154,0.0007995627,0.15840016,0.13760947,0.066802256,0.13169502,1
ISIC_0033909,0.06496090915349712,0.0006537572,0.0009885445,0.11186693,0.000631317,0.00066144456,0.0041484274,0.0075225844,0.6319691,0.24155776,0
ISIC_0033862,0.16871215574002454,0.0018013504,0.0028064838,0.036673006,0.0016036591,0.0018541481,0.046521667,0.042718153,0.86117566,0.0048457547,0
ISIC_0028579,0.31012393607461886,0.006579689,0.017385984,0.0319954,0.0061047855,0.0067246943,0.016885616,0.1164413,0.790755,0.0071276138,1
ISIC_0030858,0.10257674443792532,0.001965023,0.04073322,0.25549284,0.0017023323,0.0018886619,0.053001937,0.018055996,0.60811114,0.019048924,0
ISIC_0034158,0.47456208167843417,0.0012832541,0.0015932521,0.037642214,0.0012161218,0.0013008427,0.008591445,0.23921965,0.6998086,0.009344668,0
ISIC_0032631,0.2514464179730097,0.0020539982,0.011176028,0.18708926,0.0019406785,0.002061579,0.003749776,0.082502894,0.6775959,0.031829935,0
ISIC_0033868,0.05285734358956047,0.000534052,0.0022967383,0.3953757,0.0005349904,0.0006250279,0.019302087,0.0048551694,0.56972426,0.006752138,0
ISIC_0033943,0.7867209296216907,0.0010096736,0.06490108,0.19162777,0.0009892931,0.0011219156,0.019090056,0.6250556,0.05693546,0.03926915,0
ISIC_0030898,0.29176681106499264,0.0018510418,0.1603727,0.39019334,0.0014983336,0.0017983599,0.056703843,0.10530545,0.14591606,0.13636085,1
ISIC_0028966,0.06284419933393086,0.0054160054,0.008335874,0.2645132,0.0055896286,0.0066238656,0.042141307,0.007026661,0.64337194,0.01698155,0
ISIC_0034196,0.5198229191609064,0.00039879285,0.06756266,0.020949347,0.0004003214,0.0004135523,0.5926156,0.28120837,0.027502412,0.008948988,0
ISIC_0032306,0.08099220586234195,0.00040618415,0.0042905523,0.6386649,0.00040322074,0.0004500749,0.01661775,0.011637945,0.06803606,0.2594934,0
ISIC_0033913,0.10158324917750675,0.0011338172,0.002187931,0.39819133,0.0011173137,0.0012497295,0.031215811,0.017740719,0.525257,0.021906456,0
ISIC_0033235,0.36660454112754803,8.589261e-05,0.0026331393,0.667489,8.301673e-05,6.9009715e-05,0.0010386765,0.15377904,0.02714091,0.14768146,0
ISIC_0033193,0.6177471601164769,0.0022625867,0.01712737,0.13098603,0.0020318169,0.0021405814,0.0065965424,0.38659275,0.20307432,0.24918807,1
ISIC_0031563,0.09726210055132647,0.0019788973,0.008755249,0.02227992,0.0021360368,0.0024439532,0.4628907,0.016390853,0.4769023,0.0062221615,0
ISIC_0033351,0.18649291924324377,0.001901454,0.15727212,0.31924048,0.0018987836,0.0020979813,0.10555991,0.05046874,0.26937196,0.09218867,0
ISIC_0033360,0.3358090251810131,0.0008565374,0.0019662955,0.2589415,0.0008797817,0.00092000014,0.0029589674,0.13283549,0.4050087,0.19563274,0
ISIC_0026760,0.10307812954053125,0.0005528421,0.9105245,0.010178912,0.00054713304,0.0005465934,0.01472149,0.018215796,0.0031382095,0.041574463,0
ISIC_0034116,0.3141754583617901,0.0025833098,0.04473335,0.012466504,0.0026208542,0.00249598,0.23914574,0.11896379,0.4817763,0.09521425,0
ISIC_0028323,0.10578571168576302,0.0001350024,0.893318,0.0077468376,0.00011261362,0.00013088151,0.0028398328,0.019086674,0.00057308335,0.07605703,0
ISIC_0029668,0.15037923218532376,0.0023566359,0.0045179524,0.037566286,0.002299267,0.002669012,0.17347579,0.03520263,0.73143786,0.01047453,0
ISIC_0034226,0.20066757940486077,0.002887949,0.07034992,0.02968747,0.0027651552,0.0026876114,0.009071177,0.056964815,0.7898956,0.03569029,0
ISIC_0025513,0.12001958938264104,0.0020403299,0.08349493,0.06821089,0.0018979724,0.0021636558,0.6634452,0.023877481,0.050497007,0.1043726,0
ISIC_0033519,0.19559828472142962,0.0024886206,0.012753698,0.045167252,0.0024861686,0.002564519,0.17170416,0.054609593,0.6178015,0.09042456,0
ISIC_0033799,0.08848385282251287,0.0013539217,0.0044880486,0.011831874,0.0013160363,0.0014656801,0.013497742,0.013759534,0.948949,0.0033382257,0
ISIC_0030798,0.5673162846489553,0.00089572335,0.46528354,0.042474646,0.000766445,0.0007630563,0.0019904235,0.3296891,0.09532987,0.06280717,1
ISIC_0033537,0.22642908038285625,0.0022178325,0.010206888,0.12565471,0.0020614997,0.002295758,0.05662775,0.06947997,0.7075542,0.023901422,0
ISIC_0031901,0.19295296272877857,0.0012567502,0.5914521,0.015966492,0.0012140772,0.0013936739,0.24826615,0.053394694,0.017020544,0.07003548,0
ISIC_0032414,0.0932386399276341,0.0029230851,0.3200474,0.24092875,0.002927368,0.0031276785,0.060094852,0.0151659725,0.10296277,0.25182217,0
ISIC_0033725,0.6582635888120266,0.002356177,0.18637453,0.084874816,0.002167099,0.0025473211,0.005024262,0.4367218,0.2525311,0.027402861,1
ISIC_0032880,0.7349529787557215,0.0016728326,0.0017514492,0.0034043526,0.0015641482,0.0016945463,0.00619275,0.5434764,0.43646008,0.003783516,0
ISIC_0033188,0.11896829200050835,0.0027842212,0.004761468,0.023340872,0.002682325,0.0029697337,0.15073329,0.023511773,0.7863721,0.0028441758,0
ISIC_0034301,0.06582495058126857,0.0065705427,0.016024005,0.1988674,0.006622462,0.007493142,0.27214783,0.007728398,0.468276,0.016270278,0
ISIC_0033993,0.03673824783995519,0.0016187982,0.0015303747,0.013591922,0.0014560072,0.001555833,0.0070576193,0.0020327994,0.9680808,0.0030759017,0
ISIC_0032417,0.1401487012795383,0.002223425,0.0051881974,0.30470395,0.002228364,0.0018372675,0.079355255,0.031225685,0.1540151,0.4192228,0
ISIC_0033828,0.19404384582048761,0.0033551578,0.006913633,0.49691296,0.0026164388,0.0029748816,0.026968557,0.05389452,0.3955736,0.010790234,0
ISIC_0030038,0.075134905234657,0.0024901642,0.0127151385,0.20151365,0.0024565451,0.002820904,0.052241463,0.010064142,0.601015,0.11468309,0
ISIC_0028222,0.3825685350383808,0.0010123753,0.50809264,0.0664589,0.0008652244,0.00089231925,0.054639693,0.16520657,0.18976699,0.01306532,0
ISIC_0026839,0.24411265694014914,0.00162262,0.01827315,0.13680579,0.0013551688,0.0015968811,0.4748538,0.07859653,0.17286389,0.114032306,0
ISIC_0033807,0.6693051957830424,0.00087264227,0.0015369206,0.046216227,0.0008474146,0.00092723593,0.40956593,0.45110774,0.08190141,0.0070244297,1
ISIC_0030930,0.08591513324200013,0.0027918175,0.0073980666,0.049407247,0.0026778483,0.002923861,0.01907546,0.013018804,0.88960546,0.013101545,0
ISIC_0030173,0.1450144669267222,7.498044e-05,0.00057225104,0.9101478,8.073163e-05,9.0033114e-05,0.0021369723,0.033097375,0.04890024,0.004899506,0
ISIC_0030377,0.2629667210761097,0.0003401063,0.004925674,0.8035987,0.0003541071,0.0004403297,0.0073327543,0.08878835,0.044650983,0.04956896,0
ISIC_0028347,0.2464363683249343,0.0014736386,0.4276173,0.39482245,0.0014338928,0.0015432741,0.01626531,0.07982629,0.046294842,0.030723054,0
ISIC_0033923,0.3060584522932727,0.0013487217,0.0011694302,0.009185969,0.0013016689,0.0013081435,0.0042393142,0.113933764,0.86025983,0.007253179,0
ISIC_0033654,0.15181690339362924,0.0013346194,0.0014603202,0.016917804,0.0012149719,0.0012329364,0.0036025674,0.035774138,0.90491503,0.03354774,1
ISIC_0034024,0.15888099557002355,0.0009338511,0.009421803,0.50883317,0.0007613522,0.00084939477,0.11493244,0.038626775,0.2974708,0.028170297,0
ISIC_0034290,0.28344685586384083,0.0012693116,0.006169025,0.040035345,0.0011558494,0.0012064973,0.49692628,0.10041511,0.33704647,0.015776124,0
ISIC_0031711,0.6384597979867674,0.0013446313,0.0056883036,0.012691761,0.0012882578,0.0012508128,0.27075326,0.41170678,0.2061625,0.08911373,1
ISIC_0034035,0.09555555714781089,0.005245572,0.012835254,0.10015116,0.0051727034,0.0060399184,0.37009373,0.0158675,0.46595976,0.018634394,0
ISIC_0034273,0.06994071805199643,0.002146173,0.0048707803,0.1008177,0.0020187995,0.0022458502,0.018274298,0.008734856,0.8525918,0.008299801,0
ISIC_0029466,0.21278618086676018,0.0019245262,0.2567017,0.008481423,0.001888348,0.0019318083,0.32315955,0.06273875,0.016644089,0.32652977,0
ISIC_0032697,0.17823672908920063,0.0012735067,0.0012489646,0.0057467283,0.00094967167,0.0010713062,0.016514849,0.046814278,0.8939442,0.0324365,0
ISIC_0034225,0.13186121363964123,0.002144063,0.0019363804,0.011661525,0.002023936,0.0021393162,0.021097317,0.028122067,0.9275411,0.0033343688,0
ISIC_0033733,0.08156046507848506,0.0017593907,0.0058545764,0.074971706,0.0015453757,0.0018221537,0.0637798,0.011794685,0.6051602,0.23331212,0
ISIC_0033900,0.4941098750160267,0.0019524951,0.07929768,0.27272153,0.001818321,0.0018536098,0.015180803,0.2568726,0.27725002,0.09305308,0
ISIC_0031349,0.27712501600073985,0.0012259837,0.07348012,0.57005996,0.0011433808,0.0013614143,0.026710654,0.096763976,0.054030042,0.17522454,0
ISIC_0033498,0.3202235286139505,0.0005194445,0.0016287005,0.6021336,0.00050725596,0.0005264017,0.0059177647,0.12277333,0.24826574,0.017727772,1
ISIC_0026979,0.11974372490299044,0.0019359716,0.0025949315,0.022778308,0.0018727839,0.0021413488,0.02378661,0.023781339,0.91847813,0.0026305742,0
ISIC_0030408,0.08562558922221317,0.0005957189,0.37303805,0.028148714,0.00056994375,0.00054424925,0.010731844,0.012936167,0.0015389645,0.5718964,0
ISIC_0026421,0.06636085129429997,0.0003649353,0.0010104147,0.0067257853,0.00036951667,0.00034965927,0.93863267,0.007857018,0.04316224,0.00152759,0
ISIC_0032793,0.199777020243476,0.0025710312,0.005748918,0.15996939,0.0024332663,0.0027136707,0.02373194,0.056548484,0.73726267,0.009020694,0
ISIC_0030404,0.08884467540803614,0.0027564333,0.0015858827,0.007924094,0.0024992104,0.0024859866,0.012067407,0.013864668,0.9502724,0.006543945,0
ISIC_0033820,0.13092813213608775,0.0011021215,0.015946155,0.33865052,0.0011554149,0.0013389298,0.36687097,0.027779395,0.23617661,0.010979897,1
ISIC_0031624,0.2193249914908422,0.0015387222,0.005547931,0.34423456,0.0013939162,0.0013901297,0.061031412,0.065937914,0.26849583,0.25042963,0
ISIC_0029518,0.24581729513425077,0.0009583099,0.07966764,0.56784886,0.00086347415,0.0010924278,0.098649405,0.07949794,0.01152037,0.1599016,0
ISIC_0028636,0.37789701318335206,0.008326751,0.07946735,0.018663153,0.0058700666,0.0071507506,0.01015967,0.1618214,0.6576287,0.05091228,0
ISIC_0031440,0.20966824806819023,0.0024303782,0.12705344,0.2788725,0.0022889522,0.0025046363,0.029662862,0.061233915,0.29569837,0.20025495,0
ISIC_0026186,0.07725962097396617,0.0035823432,0.033446696,0.34345746,0.0035951433,0.003956011,0.13826425,0.010626102,0.36828935,0.0947827,0
ISIC_0032408,0.36417754371134703,0.00032182087,0.7006535,0.0055234907,0.0003221893,0.0003037038,0.12932698,0.1520763,0.0064513716,0.0050205872,1
ISIC_0032248,0.8403988125338158,0.00033852915,0.24850078,0.016114766,0.00028450787,0.00032681235,0.003917306,0.71807104,0.005827494,0.006618929,1
ISIC_0029735,0.10457902740216526,0.002011594,0.0057338024,0.044896398,0.0019184211,0.0021749947,0.021864692,0.018696906,0.8979988,0.0047043883,0
ISIC_0030768,0.11142290888223204,0.001857115,0.0118763875,0.6659161,0.0018005383,0.0018724699,0.08359803,0.020941986,0.17048529,0.041652065,0
ISIC_0026656,0.20012745621202235,0.0005086666,0.2332013,0.2690048,0.00043528047,0.0005578869,0.19567241,0.05671218,0.052062847,0.19184466,0
ISIC_0033746,0.5113405223586718,0.0009431685,0.06883191,0.021615105,0.0008499197,0.0010052716,0.011829636,0.27303705,0.61646134,0.0054266057,0
ISIC_0033959,0.1379498224574953,0.0013938793,0.8228945,0.033485577,0.0013191778,0.0013156179,0.030779153,0.030391783,0.04261031,0.035809968,0
ISIC_0033788,0.14947899397506653,0.0017338692,0.0025763193,0.15398265,0.0016595006,0.0018640937,0.009555582,0.034846336,0.7897557,0.004025978,0
ISIC_0029537,0.11670367671752285,0.004553589,0.030618763,0.43189874,0.004649894,0.00443071,0.15384726,0.022730304,0.22960173,0.117669,0
ISIC_0033042,0.14883255830989264,0.0006032182,0.02961647,0.76200384,0.000618294,0.0006518126,0.014550752,0.03459124,0.08133518,0.07602921,1
ISIC_0031059,0.08902614837809117,0.0026307402,0.004405141,0.035098873,0.0025395441,0.0027999827,0.19666025,0.0139176445,0.7362907,0.005657134,0
ISIC_0032852,0.08487116850044357,0.0019466758,0.0029600074,0.08323025,0.0017724689,0.0018917526,0.058537778,0.012721677,0.826165,0.010774411,0
ISIC_0034237,0.2817783608353885,0.0017745683,0.0017825322,0.02009962,0.0016530209,0.00177452,0.0052855695,0.099446066,0.85265845,0.015525579,0
ISIC_0027697,0.07640840745113492,0.0025529945,0.014344603,0.14400904,0.0022698822,0.0025607273,0.031069342,0.010399727,0.7779402,0.014853424,0
ISIC_0031972,0.14890890691764008,0.00032595036,0.11493993,0.7826928,0.000323364,0.0003498615,0.005326526,0.034621336,0.008458968,0.05296129,1
ISIC_0026722,0.18030930120621944,0.0016362605,0.39669147,0.1002109,0.0015827036,0.0018241091,0.16235359,0.047722653,0.23591843,0.05205998,0
ISIC_0034020,0.05177795136538433,0.002491379,0.016891584,0.2134018,0.0026526775,0.0026853152,0.66913605,0.0046382137,0.066414945,0.021688005,0
ISIC_0027772,0.16153042269936768,0.0037423898,0.0125330305,0.030434385,0.0034283705,0.0037484083,0.04673059,0.03971557,0.843842,0.015825225,0
ISIC_0034029,0.12733247510769652,0.0019496124,0.007453711,0.24663404,0.0019599039,0.0019194412,0.008741858,0.026471904,0.69498104,0.009888534,0
ISIC_0025073,0.047086023967396834,0.001350231,0.12897713,0.057954557,0.0013484966,0.0015823955,0.7651954,0.0037388683,0.008364856,0.031488072,0
ISIC_0029448,0.07964514054080205,0.00019883834,0.0006393433,0.0030610438,0.00019850464,0.00018443585,0.97362024,0.011269213,0.009797787,0.0010306143,0
ISIC_0028235,0.07744747457316359,0.0031901689,0.005476479,0.15899545,0.0029854772,0.0036134745,0.056998797,0.010676282,0.7299145,0.02814941,0
ISIC_0034222,0.18650331769842948,0.0017573945,0.042103056,0.07332172,0.0017157929,0.0018417527,0.035271853,0.050473403,0.7471433,0.046371683,1
ISIC_0033609,0.0678645078761834,0.0010663577,0.46167117,0.029460672,0.0010036834,0.0010478301,0.45876908,0.00822182,0.0052383738,0.033520997,0
ISIC_0034320,0.5092381105992165,0.0025741598,0.0020245982,0.011010092,0.0025043234,0.0025715863,0.01844645,0.27103376,0.6866775,0.0031575689,0
ISIC_0033492,0.5301567230464537,0.001098986,0.006143076,0.21687765,0.001142823,0.0010722463,0.0026675526,0.29135814,0.4718182,0.007821205,0
ISIC_0034304,0.47848404479633444,0.0013344351,0.007563053,0.18846424,0.001226568,0.0013563157,0.08007902,0.2427042,0.42636886,0.050903298,0
ISIC_0034045,0.06273337875267095,0.0024895004,0.010988026,0.04804593,0.0022748911,0.0026380827,0.011867613,0.007001025,0.89604884,0.018646186,0
ISIC_0030300,0.09919560112388184,0.004088457,0.0036390591,0.023538573,0.0038800668,0.0045909192,0.14211218,0.016990514,0.7942486,0.0069116578,0
ISIC_0029055,0.050045665258622904,0.001698851,0.12381146,0.03718948,0.0017066885,0.0018314699,0.7910959,0.00429776,0.025258467,0.013110009,0
ISIC_0032013,0.09196087834645664,0.004249409,0.017438626,0.5435697,0.0050619277,0.0044436567,0.051673252,0.014783585,0.1088079,0.24997199,0
ISIC_0027662,0.11435351994509671,0.0015631464,0.0070434446,0.03412509,0.001664143,0.0019969249,0.30560333,0.021928513,0.6045086,0.02156697,0
ISIC_0031001,0.14750195689507625,0.0016699368,0.18900385,0.16901462,0.0014087106,0.0016072494,0.45214033,0.034068134,0.11517812,0.035909027,0
ISIC_0033835,0.06494556509779703,0.0018232346,0.0018044747,0.075067125,0.0017090607,0.0017676912,0.0037103423,0.007518947,0.90209866,0.004500348,0
ISIC_0034103,0.30505875327812415,0.0021336363,0.03829876,0.09782803,0.0018822689,0.002118974,0.35832378,0.11332078,0.37393606,0.012157731,0
ISIC_0034272,0.09229639620596335,0.00398913,0.04880465,0.44337654,0.004039481,0.005038803,0.08548408,0.014883681,0.3466494,0.047734134,0
ISIC_0025898,0.10087697390011639,0.002365316,0.018829709,0.5029944,0.002188921,0.0027642834,0.055788167,0.017517699,0.29414615,0.10340537,0
ISIC_0027786,0.03040739513927816,0.00011692819,0.9834504,0.0070455777,8.54625e-05,9.868895e-05,0.0008215148,0.001206305,0.00042032232,0.006754813,0
ISIC_0033901,0.48797948917463896,0.0028673958,0.0074773566,0.010968744,0.00267425,0.0028121127,0.36717504,0.25125918,0.34842053,0.006345448,1
ISIC_0029341,0.24180091504672518,0.0012315258,0.06745736,0.05286899,0.0009418564,0.0010439995,0.7520938,0.07738044,0.035202727,0.011779251,0
ISIC_0025735,0.22071872083540475,0.0024623626,0.043453753,0.17995688,0.0022594084,0.0025501992,0.34072766,0.066627376,0.3337445,0.028217891,0
ISIC_0033363,0.13536362637774516,0.0020584757,0.013396995,0.30352962,0.0018690825,0.002098605,0.034151476,0.0294206,0.5844853,0.028989775,0
ISIC_0032042,0.0992392887872341,0.0013014091,0.016326804,0.45253238,0.0013591876,0.0011952842,0.07525637,0.017004145,0.32781872,0.107205726,0
ISIC_0034240,0.06991899107889948,0.001271317,0.0021030249,0.17389219,0.0011532705,0.0012185791,0.004722613,0.008729432,0.7336415,0.07326808,0
ISIC_0034303,0.48641681501051176,0.0036459535,0.027336016,0.04540447,0.0031352192,0.0040686456,0.042005185,0.24983966,0.6156545,0.008910203,0
ISIC_0033999,0.6498269113634582,0.00048346838,0.12093164,0.023174088,0.00046873122,0.00044678393,0.3184818,0.4259429,0.010079502,0.099991076,1
ISIC_0033927,0.060997778838181645,0.0018808449,0.0014848443,0.011012056,0.0017643025,0.0017691475,0.0036477074,0.0066038663,0.96525586,0.0065812482,0
ISIC_0029434,0.7488936773886032,0.0023997948,0.01430009,0.22886899,0.0023782577,0.0024912048,0.005470804,0.56466496,0.15643685,0.02298917,1
ISIC_0033248,0.0638847498714618,0.0003207226,0.78021955,0.013494878,0.00033091725,0.00029121718,0.19295721,0.0072689704,0.0028328572,0.002283637,0
ISIC_0033515,0.11304809050546778,0.002168155,0.0216883,0.44029638,0.002145902,0.002558326,0.012451814,0.021487234,0.470784,0.026419897,0
ISIC_0031454,0.1204061744423869,0.0012395178,0.0048877895,0.35635313,0.0010663449,0.0011976957,0.14522986,0.024012424,0.461686,0.0043272213,0
ISIC_0028843,0.09751321296492223,0.0025147938,0.0090001235,0.018995874,0.0023903202,0.002561805,0.024104623,0.016468333,0.91812,0.0058441553,0
ISIC_0032543,0.0567964791204786,0.0017352587,0.001590269,0.017161373,0.0015618727,0.0015261837,0.0023254731,0.0056771906,0.9557542,0.012668339,0
ISIC_0028635,0.08300623364117098,0.0015219047,0.0124103,0.154011,0.0014040113,0.0013263187,0.08274116,0.012196615,0.71518767,0.019201064,0
ISIC_0033442,0.29465544431765384,0.00090381963,0.0018161241,0.076304406,0.00090458756,0.0010607619,0.0032627059,0.1070261,0.80371666,0.0050046905,0
ISIC_0032837,0.28265826476768796,0.003783571,0.007861409,0.10332837,0.0035727161,0.003679438,0.019684408,0.09995662,0.6029889,0.15514454,0
ISIC_0033294,0.2961022123693417,0.0012242541,0.002269964,0.0088219335,0.0011265638,0.0011552608,0.0026812977,0.10789231,0.8716368,0.0031914338,0
ISIC_0033974,0.1548242159640735,0.0040746997,0.0068963924,0.038998485,0.0037878987,0.004117088,0.009707904,0.036979552,0.88798076,0.0074571404,0
ISIC_0034122,0.15370054582462306,0.0007503375,0.00070627755,0.0030089442,0.0006839819,0.0006790831,0.008047896,0.036527585,0.94168943,0.00790644,0
ISIC_0024396,0.0685468490133786,0.003556535,0.010679607,0.02931512,0.003711878,0.0036046293,0.3934797,0.008389245,0.074728176,0.47253513,0
ISIC_0025005,0.29834738407203676,0.0011350024,0.2385311,0.47512493,0.00091567374,0.0011129155,0.008535547,0.1092424,0.009348019,0.15605454,0
ISIC_0030893,0.049734220645992096,0.0003176251,0.7480709,0.0014095808,0.0003916415,0.00035773395,0.2421283,0.0042375787,0.00038656112,0.0027001926,0
ISIC_0028326,0.16243784295900918,0.001321907,0.0037318491,0.049897876,0.0013065365,0.0014493613,0.6870229,0.04009083,0.20858791,0.0065907994,1
ISIC_0034187,0.08825087973669749,0.00069577625,0.0019052795,0.09042564,0.00068273494,0.0007164485,0.8655569,0.013691793,0.021357624,0.004967936,0
ISIC_0029846,0.0649252874295582,0.002203306,0.0050357105,0.01302883,0.0021539195,0.0025419337,0.43260413,0.007514141,0.5299875,0.004930531,0
ISIC_0032807,0.5581508402101624,0.0010323788,0.13054533,0.037839446,0.00091436843,0.0011176812,0.10926336,0.3199617,0.3328348,0.06649097,1
ISIC_0031629,0.07951475615976884,0.0015927248,0.036986772,0.322839,0.0015369105,0.0016411266,0.00895271,0.011233735,0.6070566,0.008160579,0
ISIC_0033686,0.09393040257575687,0.001221848,0.0018404009,0.0062352223,0.0011721479,0.0011332958,0.031164998,0.015374332,0.87212867,0.06972893,0
ISIC_0032932,0.023839521635068153,3.7531263e-05,0.00076131,0.0010515137,4.7109286e-05,3.6931448e-05,0.99712384,0.00055591756,9.5802614e-05,0.00029001964,0
ISIC_0033388,0.3783984078722751,0.0014844412,0.0031047976,0.016518056,0.0015338511,0.0015097976,0.0047218683,0.16218309,0.8062803,0.0026638124,0
ISIC_0034220,0.13576530463389322,0.0014957307,0.00417068,0.17677872,0.0013478692,0.0015259172,0.0115460865,0.029570756,0.7664675,0.007096828,0
ISIC_0030440,0.34694780211801457,0.0033204071,0.0038937714,0.022579292,0.0030022615,0.0035986814,0.29119536,0.14024617,0.5242045,0.007959611,1
ISIC_0033148,0.2595641102744113,0.0027911237,0.0033461377,0.021030897,0.002523437,0.002890992,0.24723254,0.08691289,0.60134715,0.031924944,0
ISIC_0029291,0.1021752529194154,0.0014577791,0.01639503,0.102359556,0.0013242454,0.0017463177,0.7246694,0.017928367,0.12268317,0.011436155,0
ISIC_0034306,0.16086819607613884,0.0008105306,0.7624029,0.011606489,0.0007610521,0.00083600247,0.15939891,0.039442465,0.0145396115,0.010202073,0
ISIC_0026717,0.16353182095589852,0.0012054302,0.048683837,0.536818,0.0010434359,0.00095259864,0.0130996285,0.04054483,0.013285667,0.34436664,0
ISIC_0029538,0.13274737165089695,0.0016294962,0.0026943434,0.07073554,0.0015096331,0.0016782675,0.011044025,0.028448785,0.8776676,0.0045924257,1
ISIC_0032240,0.03486191670317065,0.00020572876,0.0012371084,0.0010975131,0.00024066426,0.0002178975,0.99069655,0.0017691071,0.003181177,0.0013542215,0
ISIC_0028098,0.11422058077391184,0.0036240069,0.052587766,0.53934693,0.0035592671,0.0035878296,0.08519618,0.021883441,0.07758665,0.21262789,0
ISIC_0030579,0.18557643659606202,0.0006850322,0.0502122,0.008862976,0.0006565699,0.000660247,0.080337964,0.050058354,0.0106649455,0.79786175,0
ISIC_0033232,0.8917377623864005,0.0011847506,0.003997387,0.0027092842,0.001078885,0.0012285276,0.025230026,0.814428,0.1479557,0.0021874397,1
ISIC_0032931,0.272469564874967,0.0028534008,0.005342453,0.08459422,0.002532046,0.002732952,0.034745764,0.094110824,0.74440295,0.028685415,0
ISIC_0032102,0.32278166205286707,0.0010784206,0.008921248,0.03117591,0.0009813375,0.0010825901,0.27254504,0.12440057,0.55096656,0.008848346,0
ISIC_0025927,0.47058402694472024,0.002924688,0.0432805,0.03248526,0.0028487318,0.0026495473,0.17522867,0.2357142,0.0562736,0.44859478,1
ISIC_0034047,0.24106968585095756,0.0014323206,0.4700682,0.0067351046,0.00135699,0.0012385863,0.3886103,0.0769973,0.03322817,0.020333057,0
ISIC_0033504,0.14172121500653084,0.0008136327,0.20569134,0.43148714,0.0007281134,0.000743431,0.27232227,0.031826615,0.022764845,0.033622663,0
ISIC_0031105,0.0822325499111764,0.0030392043,0.31738552,0.2132288,0.0028540657,0.0031741012,0.25887606,0.011980967,0.04260752,0.14685376,0
ISIC_0031466,0.15156938991050872,0.0020569866,0.0019858035,0.007132385,0.0019686865,0.002032317,0.09309332,0.035675526,0.8487297,0.007325309,0
ISIC_0034018,0.05048494974960544,0.0037355453,0.0032590725,0.059091307,0.0033718154,0.0041386066,0.009975215,0.0043831808,0.9055582,0.006487027,0
ISIC_0026190,0.1525890445417283,0.00074694055,0.004238227,0.5634632,0.00073536317,0.0007273108,0.08178386,0.036082353,0.271364,0.04085876,0
ISIC_0033157,0.05992561138056036,0.0019101625,0.0030370404,0.22633436,0.0018343471,0.0018137618,0.004460429,0.006362649,0.744433,0.00981431,0
ISIC_0028015,0.0805073147277683,0.0023233413,0.01422055,0.49671158,0.0021632237,0.0026169745,0.03314243,0.011504757,0.39494953,0.042367578,0
ISIC_0032470,0.1709075027289085,0.0013995882,0.54700583,0.10637651,0.0012220809,0.0013771582,0.041798934,0.043650813,0.21678734,0.0403818,0
ISIC_0033665,0.3686849991039437,0.0019900198,0.0053222235,0.36253595,0.0019783487,0.0020238531,0.02001433,0.15524587,0.4386799,0.0122094555,0
ISIC_0031803,0.058584790288058755,0.0004934591,0.0062321275,0.08521118,0.00042537134,0.0004436098,0.71981925,0.0060655125,0.0825606,0.09874886,0
ISIC_0028720,0.08705147798480078,0.0035891419,0.0091609545,0.034355503,0.0035954237,0.004149492,0.24300165,0.013344807,0.67581505,0.012987918,0
ISIC_0032933,0.12106281548840296,0.0014781421,0.004389807,0.118126445,0.001437784,0.0014669993,0.26836514,0.024242204,0.56576437,0.014729167,0
ISIC_0034063,0.16096797409245103,0.0020600485,0.0021132668,0.025296284,0.0020902033,0.0020846808,0.62724966,0.039483573,0.29231933,0.007303038,0
ISIC_0033045,0.11499483608084685,0.001259505,0.0019473657,0.0787398,0.0012041614,0.0013296587,0.012542972,0.022146372,0.8682696,0.012560618,0
ISIC_0033873,0.1510271829590093,0.0033203815,0.043324813,0.150083,0.0033316591,0.003308329,0.17310517,0.035459824,0.4032683,0.18479848,0
ISIC_0033143,0.11816732179251799,0.0011903557,0.0018087825,0.07381525,0.0012842261,0.0014142417,0.011995896,0.023234388,0.87051517,0.014741807,0
ISIC_0032588,0.1859459618611888,0.0012347661,0.0023515818,0.0896511,0.001135711,0.0012766204,0.009582798,0.05022368,0.83806515,0.006478663,0
ISIC_0032510,0.17532744320611307,0.0006347016,0.0008937842,0.010786243,0.00060823385,0.00063620287,0.0073122936,0.04554943,0.9280514,0.005527686,0
ISIC_0032798,0.07267260099894668,0.0010868589,0.0038383882,0.36446652,0.0010356539,0.0011963723,0.048155155,0.009425986,0.56147987,0.009315237,0
ISIC_0033697,0.06787169742125448,0.0028446163,0.004667642,0.18477619,0.0026989381,0.0030561306,0.0192695,0.008223578,0.76497525,0.009488172,0
ISIC_0033656,0.07295768246462322,0.0022606547,0.0065967524,0.28425884,0.0024203123,0.0027337582,0.05765269,0.00949914,0.58856773,0.04601011,0
ISIC_0034164,0.24139697827739037,0.00056243973,0.0012052015,0.12023338,0.0005428811,0.0005529976,0.023584586,0.0771687,0.75404006,0.022109762,0
ISIC_0033228,0.2612253439609795,0.0014101029,0.0029944486,0.27879065,0.0013253934,0.0015679564,0.07927744,0.08782654,0.52919114,0.017616251,0
ISIC_0032744,0.13823757836439896,0.0027153736,0.0035346937,0.14275764,0.0027376157,0.0030894545,0.1449274,0.030500486,0.6601451,0.009592306,0
ISIC_0030606,0.02377945074523586,0.00014901163,0.0007672556,0.0018717463,0.00015450211,0.00014557634,0.99226904,0.00055104384,0.0035510992,0.0005406767,0
ISIC_0033494,0.031794817083324815,0.00020713767,0.03179721,0.0030539944,0.00018681247,0.00015817388,0.0036079884,0.0013716957,0.0011837061,0.95843333,0
ISIC_0034254,0.21656799291297585,0.00052633195,0.002554528,0.638352,0.00054371153,0.0005193792,0.09229124,0.06458189,0.15585622,0.044774573,0
ISIC_0034172,0.43092165780777203,0.002829303,0.00510803,0.024833657,0.0025585708,0.0027051691,0.014105122,0.20231307,0.73162043,0.013926615,1
ISIC_0034111,0.09405164910003692,0.0012815754,0.003237076,0.09270108,0.0012232169,0.0012747985,0.3069313,0.015410948,0.5532831,0.024657082,0
ISIC_0029417,0.06248279306215233,0.00036589568,0.736748,0.016481599,0.00031394543,0.00035908248,0.019186405,0.006943179,0.0007760876,0.21882585,0
ISIC_0025442,0.18866988465732135,0.0030575686,0.006996248,0.05566532,0.0029363432,0.0031695429,0.011950246,0.051448256,0.8477402,0.01703633,0
ISIC_0027113,0.08543790566347195,0.0051237284,0.01285006,0.10663283,0.004739882,0.005714029,0.07656592,0.012882695,0.73997104,0.035519786,0
ISIC_0033750,0.48009649586886755,0.0004024559,0.0017318005,0.38718468,0.00041572386,0.00042619678,0.10641163,0.24414508,0.2557596,0.0035228108,0
ISIC_0033666,0.05432465232924783,0.00035669326,0.18707448,0.01572506,0.0003853523,0.00035893774,0.77815574,0.0051558907,0.0040862765,0.008701661,0
ISIC_0030426,0.17165691257510893,0.0014942876,0.03229228,0.23736171,0.0014897783,0.0014584339,0.10534624,0.043970767,0.24911407,0.32747236,0
ISIC_0034263,0.7521523508479606,0.0010078376,0.07217967,0.30474272,0.00084761373,0.0009658017,0.0042496403,0.5697,0.021409838,0.024896877,1
ISIC_0031677,0.24957298543796483,0.0007495223,0.06545862,0.7455897,0.00070096203,0.0006323638,0.03337271,0.08149799,0.017881779,0.054116327,0
ISIC_0030275,0.03663950613420793,0.00035832002,0.0018626273,0.11632035,0.00031695748,0.0002932513,0.8650137,0.0020185472,0.010948644,0.002867676,0
ISIC_0032023,0.07237861319279705,0.0015014508,0.0076913065,0.10192491,0.0014621185,0.001696015,0.04441553,0.009350749,0.8237422,0.00821558,0
ISIC_0025402,0.7442335988059183,0.0010888414,0.008328441,0.09665677,0.0009832528,0.0011137867,0.0065548443,0.55751884,0.31301296,0.014742379,0
ISIC_0029247,0.27041877848579504,0.005327411,0.0022544123,0.0052017914,0.004824766,0.004994623,0.016805982,0.09295162,0.8633256,0.0043137777,0
ISIC_0034238,0.05823060220313087,0.0023498707,0.00254704,0.10662303,0.0022921432,0.002232695,0.0057974397,0.005987872,0.862719,0.009451053,0
ISIC_0032265,0.5344426432436411,0.0014595934,0.0019615719,0.028971035,0.0013976231,0.0015806379,0.011822848,0.29563147,0.65160364,0.005571615,1
ISIC_0028373,0.5540176999616846,0.0013006937,0.022791766,0.07916301,0.0013152069,0.0016638121,0.005280845,0.31563452,0.5652448,0.007605453,0
ISIC_0031789,0.15899226141683775,0.0028341382,0.50164473,0.07032479,0.0029664573,0.0028897808,0.023121221,0.038672294,0.063557185,0.29398948,0
ISIC_0025277,0.21825535488617265,0.0024639636,0.055892397,0.15500695,0.0024514592,0.002637553,0.48215157,0.06541058,0.120915964,0.11306961,1
ISIC_0034157,0.06901596659974582,0.0037890882,0.0039511933,0.03785531,0.00345009,0.0040137465,0.13749954,0.008505026,0.79300165,0.007934389,0
ISIC_0034243,0.9084550592795959,0.0005514607,0.0013708228,0.018939711,0.0005174374,0.0005517103,0.045960773,0.84697163,0.07689837,0.008238174,1
ISIC_0033692,0.29735367043371846,0.0017884793,0.111250296,0.31879756,0.0017993083,0.0021151376,0.005976144,0.10864397,0.37033266,0.07929647,0
ISIC_0025860,0.12106163994787633,0.0014654166,0.073012464,0.40809813,0.001404632,0.0014248618,0.02652723,0.024241792,0.20061748,0.263208,0
ISIC_0026934,0.06772486875475967,0.003992698,0.0037718692,0.13264875,0.0036266074,0.004150144,0.027690714,0.008187701,0.8092314,0.0067000315,0
ISIC_0026769,0.4552613460699776,0.0018482152,0.15839821,0.19982445,0.001490645,0.0018127741,0.111479536,0.22248042,0.019520504,0.28314525,0
ISIC_0034022,0.5274390457530939,0.002534229,0.107491665,0.17982431,0.0023636655,0.002644734,0.037289564,0.2886679,0.35228357,0.026900334,1
ISIC_0034136,0.1265032471684199,0.002185324,0.14072967,0.51503646,0.0022788476,0.0023857462,0.080498956,0.026173323,0.11297257,0.11773922,0
ISIC_0033159,0.03997583402438442,0.0020226713,0.0012126699,0.010427645,0.0018151321,0.001910969,0.0045626587,0.0025223757,0.9706192,0.004906806,0
ISIC_0028258,0.24956012811668923,0.00024680918,0.004105873,0.8424166,0.00024694228,0.00027883376,0.0018312052,0.08149111,0.0434103,0.025972305,0
ISIC_0034261,0.0522954699626938,0.0023306615,0.004031672,0.23062532,0.0022760367,0.0025482625,0.009992919,0.004741778,0.72883224,0.014621136,0
ISIC_0029176,0.08896081383416432,0.0017615705,0.3369646,0.26667276,0.0017995316,0.0017601369,0.19170138,0.013898564,0.023544734,0.16189675,0
ISIC_0028067,0.17899265536678116,0.0034910664,0.0044223065,0.02660999,0.0031874222,0.0034334126,0.020003255,0.047144886,0.8792246,0.012483291,0
ISIC_0025489,0.11185748562857392,0.0012746096,0.006891746,0.014071614,0.0011872676,0.0012604141,0.005774817,0.021087337,0.94338334,0.0050688,1
ISIC_0029683,0.9245813703297427,0.0006422413,0.0025548409,0.0435384,0.0006123491,0.00073023554,0.0015816821,0.8786071,0.06931259,0.0024204024,0
ISIC_0031749,0.14402351380708875,0.0009009742,0.6384287,0.011187329,0.00088084646,0.00091605244,0.03550884,0.03271326,0.0071187722,0.27234527,0
ISIC_0033169,0.09950205362868797,0.00035263205,0.0021288223,0.7868975,0.0003493818,0.00036653914,0.02113644,0.017086206,0.14049084,0.031191668,0
ISIC_0029953,0.5223620479868374,0.00078011537,0.0022007772,0.018790688,0.0007250424,0.00077903643,0.017131457,0.2836823,0.67192614,0.0039845114,0
ISIC_0032312,0.08733628128019583,0.0027949351,0.008685681,0.4151731,0.003199086,0.0034978196,0.023264254,0.0134269325,0.4558312,0.074127026,0
ISIC_0027654,0.23959824393766022,0.0035658907,0.008597861,0.50338143,0.0029938004,0.0029222507,0.24520163,0.07622853,0.1442499,0.01285879,0
ISIC_0031412,0.07267364677108985,0.004323696,0.027860118,0.111725055,0.004205174,0.0048053646,0.61340755,0.009426254,0.16791528,0.056331486,0
ISIC_0025647,0.08198331681148757,0.0026659328,0.03434404,0.41680512,0.0025720906,0.0029527424,0.13404089,0.011911773,0.36078426,0.03392321,0
ISIC_0028110,0.07779335844356934,0.0015739178,0.0021685187,0.0020242506,0.001543207,0.0016698017,0.008315966,0.010768884,0.9701419,0.0017936745,0
ISIC_0028479,0.11853968643396941,0.0012489608,0.07520817,0.039040875,0.0013423142,0.0011356235,0.02620765,0.023363208,0.007737953,0.8247153,0
ISIC_0034118,0.6100029474474349,0.0050425227,0.00562042,0.025862424,0.0048775016,0.0049481536,0.012575978,0.37747046,0.5578682,0.0057344628,1
ISIC_0032026,0.10560218545835495,0.0032326374,0.005678059,0.029424658,0.003034248,0.0032800983,0.010139818,0.019027224,0.9219872,0.0041961647,0
ISIC_0030963,0.0887949273712503,0.0028249521,0.0027625589,0.101877905,0.002731618,0.003437799,0.05612841,0.013850157,0.800696,0.015690494,0
ISIC_0030818,0.11573293698414855,0.0025932824,0.0036877256,0.010502338,0.002398289,0.0026517988,0.0055327904,0.02239798,0.94584274,0.0043929256,1
ISIC_0033196,0.11704695776347598,0.003120106,0.010460679,0.05273216,0.003104859,0.0028410763,0.00758481,0.022848206,0.8699422,0.027366012,1
ISIC_0028453,0.15176780644159757,0.0023416309,0.07059202,0.018407306,0.0023059107,0.0024398216,0.2620032,0.03575457,0.57104194,0.035113566,0
ISIC_0033550,0.20234762195054404,0.0027004273,0.10292246,0.15499507,0.0028561812,0.0021416156,0.23846303,0.057753205,0.18537755,0.25279033,0
ISIC_0033912,0.08516965096401886,0.0054163462,0.005652347,0.059000827,0.005251807,0.005615292,0.016549597,0.012806396,0.88030815,0.009399163,0
ISIC_0034098,0.3403793974235181,0.0032718636,0.06860061,0.029190574,0.0030697964,0.0030886282,0.018253727,0.13585387,0.70113456,0.037536297,0
ISIC_0033984,0.31003990279476806,0.002217129,0.004412371,0.013998701,0.0020304017,0.0023009803,0.08533578,0.11638923,0.76790506,0.005410362,0
ISIC_0033289,0.6801540264998545,0.0029434997,0.0062807323,0.21992245,0.0027868361,0.0031533155,0.006438183,0.46555582,0.27052736,0.02239181,0
ISIC_0033776,0.11749585081144953,0.00012666649,0.007570853,0.8363498,0.00010380874,0.000103856895,0.02269197,0.023002682,0.011863392,0.09818707,0
ISIC_0030552,0.1329494816016585,0.0055575366,0.00976397,0.06069202,0.005175277,0.0056142514,0.26951632,0.028523475,0.5747542,0.040402915,1
ISIC_0034251,0.10405062453260397,0.0008998673,0.0035770573,0.017722642,0.00081707037,0.0009085852,0.16166823,0.018527059,0.7931673,0.0027122172,0
ISIC_0027737,0.09928260292786106,0.0003462933,0.032672312,0.73028105,0.00033816491,0.00036890234,0.02374857,0.017017663,0.047797613,0.1474294,0
ISIC_0034182,0.5264752368187318,0.001048655,0.0028794864,0.014608569,0.0010817348,0.00095749035,0.001848421,0.28771743,0.65766007,0.032198098,0
ISIC_0033790,0.052351615902057495,0.00026538,0.0027252047,0.0031233253,0.00024836624,0.00021684697,0.003323348,0.0047530644,0.024140758,0.96120375,0
ISIC_0026092,0.033248293082382155,0.00017682574,0.001857994,0.00083771924,0.0002447936,0.00019377311,0.9940117,0.0015546869,0.0005478277,0.00057475496,0
ISIC_0034305,0.4408262526491354,0.004516975,0.010802646,0.12928396,0.0043384894,0.0045555485,0.015448408,0.2103955,0.605659,0.01499934,0
ISIC_0029308,0.13988594352825504,0.0019928815,0.03980736,0.3039281,0.0019181594,0.001874043,0.07285019,0.031125644,0.037104648,0.50939894,0
ISIC_0034144,0.05903528612543191,0.00208007,0.0019307012,0.017495716,0.0019309259,0.0020172447,0.0038108937,0.00616478,0.9573102,0.007259474,0
ISIC_0033130,0.2799553144669201,0.0012572566,0.05051294,0.25733358,0.0011829492,0.0013546967,0.34445062,0.098391704,0.24141376,0.004102588,0
ISIC_0033968,0.5599828997115796,0.002115849,0.002327238,0.12891985,0.0020793122,0.001926668,0.16396733,0.32189152,0.3705616,0.0062105353,1
ISIC_0031418,0.20344877622246543,0.0045610806,0.15544221,0.1293428,0.0037455081,0.00426116,0.032843422,0.058272053,0.5673843,0.044147417,0
ISIC_0031883,0.12140413316000001,0.0017582842,0.006714564,0.34237236,0.0018373923,0.0020225248,0.010361256,0.024361925,0.5323939,0.07817793,0
ISIC_0033843,0.8018353529096339,0.0017650258,0.0071885437,0.048769414,0.0016719906,0.0017980253,0.004104151,0.65038276,0.20289397,0.08142621,1
ISIC_0029212,0.7380725481827716,0.00033207348,0.30956513,0.13241844,0.00028111387,0.00032455203,0.001309731,0.5481686,0.0026083172,0.0049920934,1
ISIC_0032993,0.9693069965325402,0.0008811679,0.0020533635,0.003697744,0.0007932756,0.000860267,0.006323936,0.9636381,0.017137902,0.0046143727,1
ISIC_0026153,0.19644758278573154,0.002022484,0.29521906,0.3527787,0.0017375409,0.0021802809,0.098383896,0.055001702,0.10934406,0.08333233,0
ISIC_0032086,0.15924903614559527,0.0019249106,0.18201812,0.046400905,0.0018500742,0.0019184457,0.12607968,0.03877741,0.5765683,0.024462167,0
ISIC_0028810,0.1448774618361433,0.0010956565,0.083155654,0.22181125,0.0010586992,0.0010703,0.01261597,0.03304418,0.099571325,0.5465769,0
ISIC_0028087,0.4039058048141396,0.0042956094,0.068032645,0.32712775,0.0039693364,0.0047264313,0.016357988,0.18110956,0.3701844,0.024196278,1
ISIC_0024602,0.10778345670723842,0.0016702515,0.0918391,0.3021538,0.0017552018,0.0018239262,0.037382867,0.019737719,0.07745207,0.46618515,0
ISIC_0025063,0.28924929132206356,0.00087688165,0.04226489,0.4489037,0.00079767656,0.00080215133,0.010796337,0.10381544,0.026365826,0.36537707,0
ISIC_0034104,0.8640529988739637,0.0010514418,0.003078936,0.027738322,0.0009198975,0.0010507744,0.039155096,0.7616683,0.1599793,0.005357949,1
ISIC_0032514,0.09696573184710933,0.0005445936,0.008476207,0.7592846,0.0005097787,0.0005771303,0.0036990126,0.016299564,0.20869179,0.0019174701,0
ISIC_0033384,0.11437901981001761,0.0015749639,0.0024978535,0.002200893,0.0014766584,0.0014495049,0.0027017975,0.021937162,0.963422,0.002739095,0
ISIC_0033502,0.08385703766090864,0.0020488936,0.0067449063,0.14655997,0.0020300935,0.0022922817,0.5782755,0.012435238,0.23380642,0.015806668,0
ISIC_0028080,0.06793669410337498,0.002334987,0.10958006,0.7277529,0.002281208,0.0022406464,0.07772768,0.008239477,0.02532771,0.04451527,0
ISIC_0029924,0.11598322343676595,0.0011710253,0.20443903,0.37650204,0.0011658542,0.0012675002,0.19019148,0.02248351,0.01712319,0.18565643,0
ISIC_0033535,0.07753497648364578,0.0019706432,0.008391953,0.08292387,0.0017673977,0.0020564953,0.060974684,0.010699683,0.7880042,0.043211058,0
ISIC_0033525,0.10764611408577027,0.0032575063,0.0025771903,0.030384246,0.003010965,0.0032760582,0.015669702,0.019692732,0.91600984,0.006121676,0
ISIC_0032283,0.10625486978545834,0.0012972003,0.045705788,0.3106105,0.001345082,0.0014700595,0.05811426,0.019238925,0.10258508,0.4596332,0
ISIC_0031896,0.11651152644132572,0.0021708224,0.002125059,0.029040253,0.0020416712,0.0022074652,0.07847043,0.022664396,0.856168,0.0051117875,0
ISIC_0029527,0.1735256189296227,0.0001942918,0.0025534013,0.7494626,0.00015291832,0.00016969394,0.001855577,0.044772085,0.035987265,0.16485225,0
ISIC_0030445,0.12427380571372425,0.0008498716,0.15990813,0.34367636,0.000689612,0.0008309046,0.1648325,0.025376102,0.012293977,0.2915426,1
ISIC_0033187,0.059806469920466634,0.0030534323,0.003688315,0.07016518,0.0026521387,0.0029065497,0.03306415,0.0063360417,0.86984414,0.008290069,0
ISIC_0025168,0.23766664190480077,0.0016347974,0.0014981919,0.005620184,0.0016719645,0.0017914312,0.0051826756,0.07522384,0.9052327,0.0021441313,0
ISIC_0028170,0.16649079329977778,0.0019473445,0.0102360435,0.07992261,0.0017259613,0.0018258501,0.27693242,0.04178148,0.37799427,0.20763414,0
ISIC_0031475,0.05520076102975362,0.0013117094,0.005850712,0.17555426,0.0013055344,0.0013574545,0.016588718,0.0053385734,0.74924207,0.04345093,0
ISIC_0034276,0.15253153147788565,0.0013688594,0.04005173,0.034475222,0.0014072434,0.0015564077,0.5488765,0.036059365,0.3052084,0.030996308,0
ISIC_0033744,0.11378995156133907,0.0008340667,0.048757497,0.58160704,0.0008781406,0.0008572979,0.024967989,0.021737648,0.06814715,0.2522131,0
ISIC_0033774,0.12687545034685802,0.0014377275,0.0047595287,0.09554436,0.0013898256,0.0015209959,0.006805119,0.026307205,0.85535425,0.006881038,0
ISIC_0033499,0.345308504435926,0.00039050562,0.79103726,0.05147922,0.00034490973,0.00037770477,0.0013979126,0.13914394,0.011600431,0.0042280694,0
ISIC_0034183,0.1799809249608592,0.0014699231,0.004535978,0.1350664,0.0013708372,0.001491975,0.0099341525,0.047578327,0.7796778,0.0188745,1
ISIC_0033860,0.08344644749242014,0.0035782517,0.018104423,0.22967575,0.0035336593,0.0038312462,0.25768682,0.012319888,0.31601536,0.1552546,0
ISIC_0033428,0.7208619670444368,0.00031730527,0.02079466,0.3044267,0.00029866913,0.0002769447,0.10159562,0.52263206,0.023128903,0.02652911,1
ISIC_0027235,0.7140987015557291,0.0024794482,0.024459962,0.03290568,0.0020994435,0.0023360937,0.057019945,0.5128291,0.34996793,0.015902463,0
ISIC_0029647,0.41704801924494844,0.0012710342,0.5204075,0.103363216,0.0012117267,0.0012073761,0.0697398,0.19127238,0.070313655,0.041213326,0
ISIC_0034004,0.09993338854890157,0.0013002309,0.07561131,0.010173126,0.0011953993,0.0014063893,0.79780287,0.017221192,0.086518794,0.008770747,0
ISIC_0033243,0.16587080545117475,0.0011119093,0.016872799,0.10658722,0.0010658823,0.0010007498,0.29444632,0.04152132,0.5119757,0.025418073,0
ISIC_0033574,0.08434711263807412,0.00097091537,0.0028172613,0.018581048,0.0009333563,0.00090387044,0.041110795,0.012573387,0.89554876,0.026560647,0
ISIC_0032801,0.20467483518190951,0.001399209,0.0013988336,0.0017938176,0.0012413749,0.0012628452,0.0028771034,0.05885172,0.9271083,0.0040667593,0
ISIC_0034184,0.12765522131847237,0.0028094952,0.0034635512,0.08942989,0.0025559769,0.002675376,0.06258436,0.026588416,0.7662578,0.043635074,0
ISIC_0033963,0.3854542841636511,0.0015695036,0.005918573,0.28441203,0.0013255294,0.00151298,0.018343052,0.16731487,0.4973062,0.022297299,0
ISIC_0028988,0.07063906443162052,0.0051171156,0.01613315,0.18714659,0.0051635234,0.005748363,0.14714788,0.008909809,0.6074703,0.017163431,0
ISIC_0026494,0.10013685302144454,0.0016482251,0.023480164,0.043891735,0.0016075018,0.0017894333,0.7711544,0.017284987,0.126411,0.012732464,0
ISIC_0025456,0.0586975775538187,0.0017293433,0.0034344613,0.007332073,0.0016101111,0.002009711,0.010508491,0.0060903113,0.96246856,0.004817028,0
ISIC_0033529,0.13555655934085598,0.00038921818,0.0015177189,0.88195705,0.0003839652,0.0003350272,0.0063602203,0.029492691,0.068865635,0.010698355,0
ISIC_0033392,0.9120770128434987,0.00037608642,0.0030798258,0.12820055,0.00037044994,0.00043899004,0.0011804606,0.8540659,0.01104797,0.001239791,1
ISIC_0030979,0.0766033003499691,0.0023873437,0.0043176794,0.045094695,0.002176439,0.0025166958,0.025207607,0.010451412,0.9016325,0.0062155393,0
ISIC_0025713,0.07119950450927166,0.001703132,0.0024048537,0.015139741,0.0015728582,0.0019342931,0.019663839,0.009051072,0.9441927,0.004337464,0
ISIC_0034030,0.13146130470055786,0.0033085376,0.0074106306,0.31446323,0.0030496165,0.0035351366,0.052088704,0.027975032,0.56229657,0.025872538,0
ISIC_0029028,0.2940229249881979,0.0027559632,0.0083423555,0.02257664,0.0026421824,0.0028460112,0.009845639,0.106648326,0.8378469,0.0064960304,1
ISIC_0027297,0.3057483230973959,0.002477,0.23217776,0.12316189,0.0021543605,0.0023913025,0.024015192,0.11374345,0.49067155,0.009207494,0
ISIC_0028264,0.10969310224706631,0.0019671232,0.058993887,0.64182013,0.002172571,0.0026112923,0.13577645,0.020366697,0.014629266,0.121662594,0
ISIC_0030765,0.4335773971204769,0.002428008,0.003652131,0.0048377044,0.00232596,0.0023797401,0.0066086682,0.2044637,0.76853913,0.0047648917,0
ISIC_0034078,0.2134900507309438,0.0018153683,0.0034735722,0.044447407,0.0016722892,0.0016364703,0.002428868,0.06308031,0.87365896,0.0077866428,0
ISIC_0032019,0.2791364482876688,0.0033530702,0.0562686,0.06421697,0.0027982905,0.0030847804,0.17843491,0.09791962,0.2129902,0.38093364,1
ISIC_0032736,0.7897164860088691,0.00070680736,0.23258905,0.0062498976,0.0006762115,0.0007215197,0.0044513624,0.6300208,0.09538881,0.029195651,1
ISIC_0033596,0.4595095561284119,0.0014330187,0.12444978,0.11581862,0.0013200723,0.0016114041,0.13903658,0.22610715,0.32070947,0.06951393,0
ISIC_0028519,0.20552111057498332,0.00033869836,0.80904293,0.012928595,0.00033201437,0.00030806745,0.0045008357,0.059253037,0.0023668322,0.11092897,1
ISIC_0027643,0.3492059275410918,0.0026171831,0.0036307776,0.052598145,0.002602633,0.0028133944,0.006400054,0.14177108,0.78183776,0.005728917,0
ISIC_0034223,0.30025119079987683,0.0019452929,0.43373474,0.15797633,0.0018229092,0.002055152,0.023231393,0.11039281,0.21504843,0.053792942,0
ISIC_0033305,0.03632675861908105,2.7079563e-05,0.0004230891,0.993792,2.5622672e-05,2.982198e-05,0.00027639247,0.0019736781,0.0031206182,0.00033160936,0
ISIC_0034093,0.3341868000864327,0.0005205182,0.77795607,0.0335609,0.00045658206,0.00052786194,0.006483874,0.13177156,0.037823796,0.010898827,0
ISIC_0032341,0.09232957354009136,0.0025363422,0.0033158497,0.015064992,0.0025093544,0.002651272,0.076282896,0.014893591,0.8776955,0.0050500566,0
ISIC_0031720,0.12502863485750274,0.0020822443,0.081346,0.26427332,0.0018013299,0.0019314688,0.0135630695,0.025645113,0.6055699,0.0037875592,0
ISIC_0033670,0.2854049933908413,0.0003524275,0.001318423,0.5575391,0.00035168935,0.00040443832,0.0025748624,0.10155734,0.32715195,0.0087497765,1
ISIC_0027839,0.35513718380097764,0.0035412211,0.0039422195,0.115310036,0.0031679773,0.0031237684,0.060056087,0.145813,0.62508875,0.039956953,0
ISIC_0028800,0.06348489979372435,0.0023667165,0.0036844325,0.10802444,0.002282856,0.0024193223,0.007865298,0.0071755177,0.86008084,0.0061006765,0
ISIC_0033053,0.2757104560056538,0.0029822276,0.0043745986,0.0040431493,0.0026705272,0.003029733,0.081446014,0.09595463,0.80243534,0.0030637837,0
ISIC_0031814,0.1761212894751206,0.0020943126,0.0025975013,0.028952483,0.0019574943,0.0022094424,0.33636338,0.045893375,0.5759998,0.003932252,0
ISIC_0029049,0.08568600696069249,0.0012702498,0.0049652187,0.024134856,0.0013005866,0.0015631644,0.8457447,0.012953396,0.10284003,0.005227673,0
ISIC_0032380,0.16101100505710397,0.0021630877,0.002540846,0.018451903,0.0018078288,0.0020077785,0.020965243,0.039501306,0.904914,0.007648013,0
ISIC_0032765,0.4194425525651868,0.0006105694,0.006635914,0.20776892,0.00058816065,0.00064722757,0.010954061,0.19315486,0.4041809,0.17545943,0
ISIC_0033641,0.08775261999693423,0.002279707,0.0044021416,0.24510038,0.0020030169,0.0020346206,0.0066426615,0.013547288,0.6936959,0.03029414,0
ISIC_0026107,0.32957789636754825,0.0008921395,0.0012587007,0.050176837,0.0009115352,0.00094715616,0.011216848,0.12876996,0.8012263,0.0046005114,0
ISIC_0026890,0.07446453051833028,0.0028740957,0.20737182,0.46756107,0.0030038457,0.0032605832,0.08221745,0.0098889945,0.06197086,0.16185138,0
ISIC_0033938,0.4234375666860398,0.0031195737,0.003961775,0.015271927,0.002793983,0.0032484431,0.039288122,0.19631693,0.73266214,0.003337171,1
ISIC_0033830,0.07863300887610208,0.0030515888,0.0020655913,0.03636548,0.0024338153,0.0026718597,0.014403636,0.010994799,0.9153269,0.012686527,0
ISIC_0026237,0.06949749176876333,0.002726182,0.022041338,0.5908535,0.0023869777,0.002710475,0.15030527,0.008624437,0.13369253,0.08665936,0
ISIC_0034195,0.2232320132791958,0.0031261593,0.00366096,0.0039261277,0.002855499,0.002893673,0.0065227835,0.06787739,0.90387565,0.0052618496,0
ISIC_0027310,0.17052149372671185,0.0015306458,0.010408852,0.38662437,0.0014523723,0.0014704416,0.11477216,0.043486323,0.15247895,0.287776,0
ISIC_0030980,0.15029936154253656,0.0011175142,0.060884476,0.016268322,0.000979722,0.0010657154,0.80075085,0.03517097,0.07636364,0.0073988796,0
ISIC_0025610,0.08340597778228712,0.0033143715,0.036618296,0.27977383,0.0038710043,0.003758958,0.4547925,0.012308538,0.16670789,0.03885467,0
ISIC_0034217,0.187720089641695,0.0055205924,0.0043519665,0.13345043,0.0047873985,0.005422011,0.08567256,0.051020086,0.6853284,0.024446659,0
ISIC_0030281,0.10465789718744804,0.003588589,0.06783901,0.10438215,0.0033795896,0.0036682978,0.48025852,0.018722301,0.16289294,0.1552686,1
ISIC_0026590,0.06744631148623616,8.951725e-05,0.0015447078,0.9435002,8.3540486e-05,0.000101629426,0.0023713124,0.008119786,0.031555455,0.012633947,0
ISIC_0032963,0.15803871747126785,0.0010964611,0.31180647,0.37303254,0.00088902685,0.0008955179,0.18591446,0.038282786,0.013039916,0.07504286,0
ISIC_0031649,0.06697534778144296,0.00074275915,0.007422071,0.5706117,0.00066386384,0.0007598916,0.009329226,0.008005407,0.37455213,0.027913049,0
ISIC_0034190,0.04252486881960041,0.00026198567,0.0027219248,0.0027114328,0.000266491,0.00024691093,0.98660547,0.0029370205,0.0037196241,0.0005292689,0
ISIC_0032463,0.16506645269192544,0.0025426256,0.013939767,0.39389992,0.0023673677,0.0025113204,0.08870246,0.041184623,0.4230368,0.031815134,0
ISIC_0029430,0.09352310462344736,0.006976393,0.055193346,0.37393615,0.0060915784,0.0070092096,0.07510516,0.01525154,0.40443084,0.05600586,0
ISIC_0031489,0.10620539872827404,0.0028646884,0.07044136,0.23309903,0.0025458166,0.0029193577,0.21583056,0.019222852,0.4444654,0.008610944,0
ISIC_0029343,0.16309874206295408,0.002166937,0.00910991,0.011572753,0.00219217,0.002288122,0.016978469,0.040364895,0.9097826,0.00554429,1
ISIC_0034068,0.2910327489563383,0.0020536603,0.0066747996,0.19882225,0.0019264445,0.0020792456,0.01090957,0.10487007,0.50688946,0.16577455,1
ISIC_0027861,0.22419062066130638,0.0007206795,0.53558826,0.022253929,0.0006414551,0.00074415177,0.11282259,0.06835644,0.005022724,0.25384971,0
ISIC_0032995,0.16111872726925852,0.0010549852,0.005299804,0.46588317,0.0009799174,0.0010215094,0.0131189125,0.03954571,0.44470236,0.028393714,0
ISIC_0028512,0.387320248194487,0.00036126768,0.05441419,0.73822236,0.00032210507,0.00039104806,0.0030129408,0.16868514,0.025028685,0.009562264,1
ISIC_0033878,0.7871768737934951,0.00063630973,0.016825022,0.32596192,0.0006015798,0.0006766414,0.0047400403,0.6258096,0.018610654,0.0061382498,1
ISIC_0033472,0.4374698280098303,0.0010362376,0.0022469794,0.013841043,0.0011684283,0.0010656411,0.4390729,0.20763765,0.33194438,0.001986664,0
ISIC_0032892,0.7896255648833524,0.0011660426,0.23170875,0.02591767,0.0009729948,0.001083971,0.0023539315,0.6298697,0.08806182,0.018865032,1
ISIC_0033105,0.11223312142567622,0.0034854386,0.007455376,0.09360633,0.0030387565,0.0036716124,0.044226564,0.021213239,0.8169082,0.0063945213,0
ISIC_0032912,0.06800291346170993,0.0024051275,0.0029114333,0.08430171,0.0020510778,0.0020900555,0.0064303437,0.008255686,0.88454705,0.007007517,0
ISIC_0032939,0.12640995541342173,0.0032997397,0.004596213,0.21363436,0.0029418704,0.0031834294,0.0065250727,0.026139801,0.72876465,0.01091504,0
ISIC_0032979,0.41540550593257913,0.0015188827,0.0055864765,0.07678921,0.0014539174,0.0016380262,0.24371798,0.18998663,0.4467832,0.03252567,0
ISIC_0033140,0.3169805351586899,0.0031922092,0.0027515679,0.00932449,0.002996555,0.0030936603,0.0036034775,0.120724075,0.84781295,0.006501004,0
ISIC_0033234,0.1021249144604409,0.0029528893,0.0035886664,0.020733085,0.0026065886,0.0025055301,0.0059304056,0.017912386,0.93769705,0.0060734227,0
ISIC_0033313,0.14542105845465828,0.0012603103,0.056799937,0.09434342,0.0012067568,0.0011641037,0.115776554,0.03325541,0.6827471,0.013446336,0
ISIC_0033381,0.3680654525721031,0.001121656,0.007195838,0.005342038,0.0009878682,0.001058544,0.059180934,0.15480836,0.7620882,0.008216626,0
ISIC_0033474,0.35203588970168315,0.002683418,0.003809015,0.057943363,0.0024381818,0.0027446973,0.008384338,0.14369297,0.7692732,0.009030771,0
ISIC_0033890,0.08263784128230464,0.0022277841,0.0051199165,0.3941792,0.0021424259,0.0021772846,0.008012652,0.012093773,0.56558424,0.0084627485,0
ISIC_0033765,0.44578954177667895,0.0015087804,0.0029113435,0.20498438,0.0013999239,0.0014699426,0.0043654926,0.21450949,0.5392667,0.02958396,0
ISIC_0033903,0.12224910379130638,0.0016911862,0.0024810676,0.010590643,0.0015689749,0.0016692728,0.00410029,0.024659138,0.94880956,0.0044299453,0
ISIC_0034270,0.1180737256793331,0.0019005652,0.014637287,0.34111306,0.0018195255,0.001975542,0.011676661,0.023202045,0.5877573,0.015918044,0
ISIC_0032181,0.2552993471728398,0.0018432057,0.004726772,0.0111211715,0.0017560475,0.0018692078,0.0152142495,0.084584735,0.8709389,0.007945779,0
ISIC_0025394,0.49548931280848235,0.0020185313,0.0036197666,0.04367129,0.0019562528,0.0019831297,0.008932467,0.25814557,0.6752449,0.004428116,1
ISIC_0031299,0.09775066975612683,0.0027634657,0.014266677,0.11653761,0.0027145096,0.0031684749,0.09732608,0.01654171,0.73460597,0.012075467,0
ISIC_0033452,0.22888741118874079,0.0034940224,0.008828815,0.12835853,0.0032055222,0.0035457385,0.012495088,0.07072175,0.74720377,0.022146756,1
ISIC_0029405,0.1410444597510954,0.0028485616,0.018934963,0.02356299,0.0028871046,0.0033902668,0.7865395,0.03156753,0.12288375,0.0073853084,0
ISIC_0031888,0.25659574740333196,0.0014726121,0.029894317,0.44806454,0.0012405688,0.0015241429,0.05938361,0.0852898,0.0561449,0.31698555,0
ISIC_0029425,0.2802621875186145,0.0009150783,0.011580201,0.10711789,0.0009930274,0.001149373,0.12523751,0.09856886,0.22349797,0.43094006,0
ISIC_0034025,0.3589075055915256,0.0015061081,0.0478631,0.050679047,0.0013974443,0.0014440421,0.034634735,0.14841,0.6417391,0.072326474,0
ISIC_0034094,0.8868043530071991,0.0009248878,0.0023754076,0.0046587656,0.00085022394,0.00087059755,0.0061546485,0.8049086,0.1670609,0.012196,1
ISIC_0034310,0.3650627682146751,0.0013072657,0.003992968,0.3699412,0.0011468171,0.0011051423,0.067027755,0.15269631,0.323061,0.07972169,0
ISIC_0032959,0.12303469147853624,0.0008500297,0.0025172431,0.014304439,0.0007854478,0.00089585985,0.8943886,0.024936521,0.05858757,0.002734212,0
ISIC_0028807,0.1283648589400547,0.002191861,0.50834006,0.06549918,0.0021386116,0.0021309208,0.20095353,0.026845187,0.092682846,0.09921772,0
ISIC_0027867,0.08911755937842641,0.0018845769,0.06970181,0.51236194,0.0018996209,0.0019364342,0.011852114,0.013944355,0.19456325,0.19185589,0
ISIC_0033526,0.2736326357838976,0.0010207022,0.013987789,0.23958428,0.001087584,0.001023631,0.021722099,0.09477084,0.32062134,0.30618176,1
ISIC_0034069,0.07586149714998754,0.0016876413,0.01565194,0.5765769,0.001802779,0.0018959523,0.013837001,0.010255152,0.36340657,0.014886081,0
ISIC_0033168,0.08208285692318232,0.0012552208,0.0034776484,0.29828763,0.0012222879,0.0012939962,0.0019383291,0.011939392,0.67651165,0.004073936,0
ISIC_0026158,0.17426250382922828,0.00037418012,0.82587653,0.0076914625,0.00045757808,0.00041681417,0.11598283,0.045089435,0.0019819955,0.0021292274,1
ISIC_0029242,0.22917445813376888,0.0003058843,0.04210952,0.034985494,0.00026444576,0.0002707849,0.8013391,0.070867285,0.0040560733,0.04580154,1
ISIC_0029613,0.37906201454029376,0.0016466875,0.33815035,0.32055935,0.0015132086,0.0014900739,0.09836141,0.1626624,0.03937649,0.036240056,0
ISIC_0034086,0.5749668266213318,0.0015560546,0.007579975,0.21054517,0.0015249572,0.0018299095,0.0066694603,0.33794954,0.42671028,0.005634622,0
ISIC_0025239,0.4783131814524443,0.0025237985,0.09224722,0.090410315,0.002381133,0.0026037688,0.005741681,0.2425518,0.55556464,0.0059755794,0
ISIC_0034132,0.5290346787268551,0.0014247793,0.23906362,0.020046737,0.0013963494,0.0014306166,0.016068097,0.2902456,0.1277772,0.302547,1
ISIC_0025641,0.07024804845854067,0.0020646586,0.003694778,0.056349676,0.001917607,0.002107032,0.016997596,0.008811703,0.90102404,0.0070330254,0
ISIC_0030688,0.38095284746048375,0.001203366,0.008125986,0.035286017,0.0009920461,0.0012071173,0.0053275437,0.1640319,0.7670835,0.01674254,0
ISIC_0033844,0.024892572347494205,4.896894e-05,0.000346496,0.0005205073,5.4237313e-05,4.9213188e-05,0.9974503,0.0006446531,0.0006794235,0.00020627704,0
ISIC_0031123,0.06956891833450386,0.0036808383,0.02971669,0.17761223,0.0036288407,0.003823515,0.31059387,0.0086421985,0.39017507,0.072126746,0
ISIC_0033524,0.2288209900128711,0.001483464,0.17864949,0.05277883,0.0013954783,0.0015145614,0.014878349,0.07068809,0.020942044,0.6576697,1
ISIC_0034227,0.08197648792203414,0.002297906,0.0022555853,0.01969107,0.0019597083,0.002268061,0.041504305,0.011909879,0.9145053,0.0036082414,0
ISIC_0034188,0.22550538960199507,0.0013443314,0.040016986,0.0032995348,0.0011689434,0.001552937,0.7704923,0.06901552,0.108609736,0.0044997125,1
ISIC_0033459,0.486099129851766,0.0022811254,0.0014802153,0.01790024,0.002182475,0.0023131648,0.02037711,0.24955164,0.69671667,0.0071973125,0
ISIC_0034300,0.08940731064326558,0.0026804165,0.011456637,0.14465247,0.002495433,0.0028447593,0.2162706,0.014029133,0.3099233,0.29564723,0
ISIC_0030369,0.061292119914831245,0.0015554777,0.032108996,0.74835086,0.0016016013,0.0017147064,0.026430143,0.0066706426,0.09074535,0.09082218,0
ISIC_0032258,0.18104603345968284,0.0009938319,0.014598898,0.338195,0.0010228468,0.0010028239,0.48765826,0.04804701,0.08706149,0.021419995,1
ISIC_0033960,0.07105098139693153,0.0026848821,0.0024010995,0.0065234466,0.0025415877,0.0026304577,0.0047300127,0.0090135615,0.9658589,0.0036161307,0
ISIC_0025897,0.10847635647854308,0.001139854,0.004011336,0.05438738,0.0011729155,0.0012032797,0.0048237382,0.019965192,0.89646834,0.016827984,0
ISIC_0029808,0.12319766620247886,0.001542189,0.0015323895,0.0036998068,0.0014939777,0.0014749784,0.0033763442,0.024994193,0.9581677,0.003718457,0
ISIC_0033714,0.11954495168916,0.002314529,0.0024576527,0.14872825,0.0020578369,0.002265477,0.017249545,0.023712143,0.78499395,0.016220726,0
ISIC_0033886,0.15933774451223634,0.0030683267,0.017480409,0.08027529,0.002594189,0.002755463,0.05147162,0.038813747,0.50668126,0.2968597,1
ISIC_0030129,0.2940517507619909,0.0049961447,0.006926258,0.039033335,0.0043606325,0.005355445,0.04361794,0.10666553,0.77486384,0.014181036,1
ISIC_0027463,0.2170924875939255,0.0013510014,0.20297776,0.26520094,0.0012446474,0.0013817687,0.01984708,0.06483906,0.019311551,0.42384624,0
ISIC_0034154,0.17350524116065155,0.0014706118,0.0032599405,0.07474792,0.0013741063,0.0015506344,0.38637683,0.04476332,0.48238158,0.004075096,0
ISIC_0034052,0.7896379613623536,0.0013249075,0.010379488,0.064659156,0.0012098406,0.0012430012,0.09674759,0.6298903,0.18988624,0.0046594813,1
ISIC_0027960,0.6818612885480735,0.00092671235,0.20246749,0.018196663,0.0006939408,0.0007183356,0.0044515072,0.46785814,0.0063467505,0.29834056,0
ISIC_0030835,0.10183922987775149,0.0027431112,0.05336705,0.2451526,0.0023781208,0.0023498347,0.54772025,0.017821778,0.020150563,0.10831671,0
ISIC_0030229,0.09153476032770663,0.0011542881,0.032028586,0.14100473,0.0011886327,0.0013092193,0.71216017,0.014656782,0.089017786,0.007479807,0
ISIC_0026501,0.11698456215742248,0.002285113,0.016467424,0.075059235,0.0025525573,0.0028166464,0.24703994,0.022826761,0.60468763,0.02626484,0
ISIC_0027478,0.10253534835997824,0.00042968823,0.93446916,0.0071949395,0.00039386944,0.00041388496,0.004963226,0.018042823,0.0029699255,0.03112261,0
ISIC_0033422,0.03709625780460949,0.0010153082,0.0046328246,0.0063531506,0.0011258167,0.0009712305,0.044038188,0.002084818,0.027917612,0.91186106,0
ISIC_0033986,0.2187568224653966,0.0015184829,0.0029022568,0.008473278,0.0014413861,0.0014686846,0.004717969,0.06565761,0.9003693,0.013451017,1
ISIC_0034288,0.1191701886643706,0.0027053973,0.024558345,0.34066647,0.0024132603,0.0027425063,0.03873409,0.023581862,0.51852375,0.046074398,0
ISIC_0030567,0.05185224244278213,0.0021084575,0.0034147084,0.72546834,0.0021063555,0.0021794287,0.050234135,0.0046530287,0.19770078,0.01213482,0
ISIC_0034001,0.6593277540705863,0.00061719515,0.0090277,0.41907316,0.0005714022,0.0006414719,0.0038521725,0.43809444,0.057144023,0.07097848,0
ISIC_0028562,0.07449890488948968,0.0010849701,0.53206885,0.07755213,0.0010688099,0.0012149027,0.15955321,0.00989795,0.00823177,0.20932746,0
ISIC_0032511,0.8139358393909641,0.0012599202,0.20698173,0.0112473145,0.0010341273,0.0012441258,0.006480053,0.6711518,0.053244736,0.047356166,1
ISIC_0027776,0.2340240711747995,0.001599489,0.016251141,0.3738227,0.0014467885,0.0013760494,0.06390071,0.0733431,0.31915525,0.1491048,1
ISIC_0033512,0.34833128943496966,0.001593076,0.20708995,0.04716697,0.0013704876,0.0013875687,0.38294908,0.14117953,0.07744818,0.13981509,0
ISIC_0033802,0.6251372814968515,0.0009089885,0.011521557,0.04317856,0.0008961516,0.00096658757,0.0054989867,0.39543262,0.5311827,0.01041394,1
ISIC_0026497,0.1617664259531846,0.0021850027,0.0049652522,0.028692117,0.0021026959,0.0024451811,0.008898188,0.039813053,0.9042761,0.006622267,0
ISIC_0034258,0.13658965070844206,0.0013592889,0.0064464035,0.013142869,0.0012548426,0.0013014282,0.040573377,0.029879704,0.9000541,0.0059879175,0
ISIC_0027528,0.3043879608055484,0.002482169,0.31372806,0.0814445,0.002440962,0.0027932867,0.028739065,0.11291027,0.3761523,0.079309404,0
ISIC_0033153,0.33478547995800606,0.0008388983,0.0028122242,0.0383198,0.00077274104,0.00073193037,0.042507097,0.13216375,0.75543755,0.026415965,0
ISIC_0030139,0.23338039204030064,0.002836203,0.16324218,0.2824519,0.002600483,0.0029411602,0.08505478,0.07301264,0.2028538,0.18500684,0
ISIC_0033676,0.13532794033514173,0.0001666826,0.0029981113,0.7851526,0.00014320675,0.00016902272,0.0015164748,0.029407272,0.08412551,0.096321136,0
ISIC_0029491,0.8472651634697337,0.0044132196,0.1100585,0.004720572,0.00366513,0.0040190257,0.0036923196,0.7305714,0.1325168,0.0063430965,0
ISIC_0030105,0.2019256266953401,0.0018008802,0.00792476,0.35728267,0.0017203093,0.0017821124,0.20201805,0.05755481,0.35780257,0.012113812,0
ISIC_0033249,0.22877637892837546,0.00048290883,0.0019666448,0.05229501,0.00043712073,0.00047967947,0.023869572,0.070665486,0.8436784,0.0061252597,0
ISIC_0032364,0.4815965669239616,0.0013430483,0.005807094,0.24250546,0.0014565148,0.001448174,0.0025142333,0.24548988,0.45061603,0.04881963,0
ISIC_0034313,0.7352452763177307,0.0012007796,0.027785903,0.01900417,0.0011780174,0.0011397478,0.06331471,0.54391485,0.3149514,0.027510444,1
ISIC_0033760,0.07560236706748075,0.0024127401,0.002687834,0.02959168,0.002180449,0.0025293427,0.022830997,0.010186891,0.92013544,0.0074447463,0
ISIC_0029558,0.7571696671663386,0.00051118794,0.0039755446,0.13847826,0.00045317184,0.0004959381,0.005737744,0.57751364,0.20950143,0.06333304,1
ISIC_0031646,0.08265288512355001,0.0031395205,0.0757277,0.46242365,0.0027716474,0.003479194,0.07078373,0.012097967,0.23096757,0.13860887,0
ISIC_0034155,0.17908026117944725,0.0009644559,0.4900856,0.00970609,0.00089961785,0.00083730015,0.044107143,0.047183253,0.07220875,0.3340077,0
ISIC_0029719,0.7522195305630769,0.0011239138,0.20017166,0.013974761,0.00095194014,0.0009899464,0.042168595,0.56980413,0.15796416,0.012850948,0
ISIC_0032945,0.05272994437558111,0.0018437557,0.007023637,0.32941508,0.0017741775,0.00196539,0.018337784,0.0048293727,0.6058323,0.028978512,0
ISIC_0033616,0.518983450473358,0.0034254813,0.0023939244,0.049764734,0.0034394842,0.0033045781,0.0045060767,0.2803933,0.643861,0.008911414,1
ISIC_0034102,0.08881340448625247,0.0040926705,0.00965907,0.052873936,0.0037132173,0.004341513,0.18599792,0.013855546,0.70998317,0.015482867,0
ISIC_0034167,0.2856291184978008,9.321208e-05,0.0082408255,0.79514605,8.797659e-05,0.0001101753,0.07387505,0.10168842,0.0168697,0.0038886287,0
ISIC_0034149,0.13951122556014534,0.0026610375,0.005665853,0.10235845,0.0027066262,0.0024939752,0.0048121116,0.03098316,0.77803195,0.07028671,0
ISIC_0032139,0.17612752461794978,0.0014400895,0.2984022,0.021627767,0.0013559991,0.0015793665,0.5546281,0.04589608,0.048363455,0.026706943,0
ISIC_0028980,0.10688017366302403,0.0007477866,0.48003626,0.35035017,0.00065793766,0.0007825495,0.12415232,0.019442463,0.009839025,0.01399144,0
ISIC_0033899,0.06641983268231674,0.0009341578,0.26571414,0.6420733,0.0010388291,0.00096748845,0.06255354,0.007871219,0.009933318,0.008914184,0
ISIC_0033548,0.08408176503169143,0.0015729911,0.00161194,0.027525311,0.0014077107,0.0015200292,0.005541475,0.012498524,0.9444172,0.0039048449,0
ISIC_0034212,0.0908521956363829,0.0011595684,0.0066724466,0.19483724,0.001057673,0.0011737585,0.03958888,0.01445442,0.6580996,0.08295651,0
ISIC_0033399,0.8989537170628751,0.0020364912,0.0022543417,0.0129389865,0.0020368402,0.0021599582,0.0040565087,0.82842714,0.1415968,0.0044928826,1
ISIC_0030247,0.1849875845684215,0.0017691398,0.45627156,0.0812098,0.001566062,0.0015953359,0.047001585,0.049795296,0.024308544,0.33648273,0
ISIC_0034175,0.35980769883815417,0.0006010941,0.056075037,0.38279596,0.0005869919,0.0007009522,0.020067045,0.14903325,0.37347373,0.016665874,0
ISIC_0026163,0.037853202740968185,0.00047180476,0.004722326,0.007026133,0.0004531987,0.00039368073,0.9729441,0.002196562,0.0062751034,0.005516985,0
ISIC_0033588,0.2105964656629006,0.0013448148,0.0019435888,0.011141795,0.0012054149,0.0014307116,0.007160192,0.061680514,0.91001445,0.0040783864,0
ISIC_0033584,0.07943026212676703,0.0039036802,0.08760666,0.18316852,0.004016053,0.0043239067,0.29203448,0.011210764,0.29620636,0.11752965,0
ISIC_0030630,0.10071334750187623,0.00015776977,0.0039040432,0.9174151,0.00015040986,0.00015279367,0.0015162082,0.017466163,0.057978373,0.0012594392,0
ISIC_0031853,0.12740918725350478,0.0021933028,0.047657713,0.5403167,0.0023695535,0.0021720359,0.024104571,0.026499582,0.105620936,0.24906567,0
ISIC_0033978,0.15274274934258097,0.0024795185,0.023157017,0.3301402,0.0023236654,0.0026493599,0.076644324,0.036143813,0.5069197,0.019542418,0
ISIC_0032308,0.8551874742173609,0.0012543307,0.02365966,0.15092972,0.001306026,0.001325799,0.005797814,0.745154,0.06571621,0.004856367,1
ISIC_0033352,0.0917356828499939,0.0020426193,0.0015641904,0.014541491,0.0018570246,0.002037034,0.009365687,0.014716527,0.95089597,0.0029794248,0
ISIC_0031527,0.10039431674727575,0.0009811105,0.21218176,0.00955298,0.0012200151,0.0012594879,0.74263763,0.017365824,0.00888868,0.0059125135,0
ISIC_0033620,0.10714966473431843,0.0030771727,0.013917101,0.046239886,0.0035049405,0.0032638924,0.0114033315,0.019530399,0.6905789,0.20848441,0
ISIC_0034040,0.3209905515199894,0.0024758128,0.0068675536,0.21517937,0.0023184337,0.002536695,0.008808218,0.12326024,0.54911584,0.08943783,0
ISIC_0032402,0.05617429145803508,0.0020970888,0.0036378098,0.2211597,0.0019583679,0.0022342745,0.07661038,0.005544265,0.67189455,0.01486364,0
ISIC_0034309,0.07246822294117602,0.003301585,0.0037779186,0.059043486,0.0033638699,0.0033239815,0.08892564,0.00937366,0.49427405,0.33461586,0
ISIC_0032900,0.10184714708879601,0.0015445974,0.0015781661,0.09806501,0.0014665419,0.0015317019,0.033975314,0.017824287,0.8367158,0.0072985673,0
ISIC_0033898,0.06313977139048377,0.0023794745,0.0058691665,0.26191992,0.0023628853,0.0025107814,0.046109676,0.0070951963,0.64186496,0.029888013,0
ISIC_0033173,0.08592187951770065,0.0030672846,0.032141067,0.42507383,0.0030152393,0.0033930857,0.10189275,0.0130207315,0.34496763,0.073428445,0
ISIC_0032647,0.0683012359301821,0.0019010669,0.0060611204,0.138107,0.0017429655,0.0018066982,0.018920884,0.008328845,0.5631851,0.2599463,0
ISIC_0024715,0.06250459449889553,0.0023376343,0.005952855,0.13698249,0.0023576724,0.0026145382,0.07121906,0.006948205,0.7023749,0.06921262,0
ISIC_0029152,0.07172421654715123,0.0051555424,0.013108111,0.29042217,0.005294161,0.0058106096,0.090232894,0.009184018,0.51029223,0.07050021,0
ISIC_0032800,0.06386205701863631,0.0017497974,0.0033621204,0.21441248,0.0017578828,0.0017663507,0.01831356,0.0072636553,0.6346008,0.11677344,0
ISIC_0033622,0.06341406025699012,0.0030627444,0.004056166,0.20164867,0.003149661,0.003476274,0.07027238,0.0071590054,0.6896296,0.017545404,0
ISIC_0027689,0.06200021752645601,0.0010580283,0.0045108977,0.09724075,0.0009633775,0.001026383,0.036525544,0.006832257,0.5461098,0.30573303,0
ISIC_0034138,0.08903536551881217,0.002074003,0.0041750767,0.040533718,0.0020248115,0.0023203844,0.1738661,0.013920337,0.7540508,0.0070348405,0
ISIC_0025450,0.398820144117928,0.0029881855,0.012077746,0.06565093,0.0024401394,0.0030462004,0.16809066,0.17725272,0.5109064,0.057547033,1
ISIC_0027983,0.0406515101972692,0.00044899993,0.0050519803,0.004471724,0.00044365483,0.0004546507,0.98083794,0.0026298484,0.0036386554,0.002022674,0
ISIC_0034216,0.7783631238533876,0.00090417423,0.0062497975,0.15615387,0.0007993902,0.0008834679,0.1336885,0.6113447,0.05814984,0.03182633,1
ISIC_0033601,0.04394817257234027,6.991269e-05,0.0014369598,0.9891882,5.5640598e-05,5.802059e-05,0.000643181,0.0031791988,0.0047498452,0.0006192511,0
ISIC_0031650,0.31474175876276145,0.002033592,0.112870015,0.21260618,0.001900008,0.0022632636,0.09511012,0.11931825,0.44733867,0.0065599256,0
ISIC_0032096,0.16401686483126185,0.0017316875,0.043145556,0.19774543,0.0016608721,0.0018702293,0.53818953,0.040746678,0.1327721,0.04213805,0
ISIC_0034224,0.17237340052008068,0.002020124,0.005524847,0.004425639,0.0017736476,0.0017884591,0.18553683,0.044277415,0.54368466,0.21096852,0
ISIC_0033458,0.1913734952638876,0.0010417472,0.09044977,0.01852768,0.001073754,0.0010349336,0.7882208,0.052673936,0.03937612,0.0076012234,0
ISIC_0028903,0.14115752150904928,0.004081239,0.0025519545,0.005035914,0.0037619148,0.0036994808,0.007941737,0.031610765,0.9299756,0.011341252,0
ISIC_0031893,0.1267766986029425,0.0010348497,0.017665677,0.6314443,0.0008729785,0.0010357882,0.05510333,0.026271662,0.21614769,0.050423622,0
ISIC_0033961,0.06184628557279445,0.0019783454,0.0017189682,0.0051586074,0.0017798726,0.0019452533,0.005481917,0.0067970078,0.9725356,0.002604481,0
ISIC_0033354,0.19506950996593309,0.0003622214,0.89935493,0.0070538893,0.00035286648,0.00034243756,0.019115744,0.05436597,0.003769105,0.015282787,0
ISIC_0028045,0.09019994001139452,0.0034691596,0.034245785,0.11306422,0.0034487105,0.0039032002,0.2310376,0.014261915,0.58113784,0.015431605,0
ISIC_0031988,0.08324226025931614,0.0017250603,0.046086095,0.20727102,0.0015783996,0.0017598615,0.38428727,0.012262658,0.28449094,0.060538717,0
ISIC_0030741,0.05894640348189127,0.0017609958,0.10249374,0.21202615,0.0017275409,0.001984123,0.52285796,0.006145149,0.12669362,0.02431075,0
ISIC_0028992,0.11612005699311337,0.00030472217,0.008914182,0.8031724,0.00029039278,0.0003560419,0.013641628,0.022530315,0.08787166,0.06291879,0
ISIC_0031759,0.027410757708578194,0.0001017172,0.0010844938,0.0011889426,0.00012231733,0.00010921981,0.99536943,0.0008814741,0.0005987341,0.0005436639,0
ISIC_0033088,0.3875292983816528,0.0008942822,0.009909311,0.6555572,0.00089497975,0.0009194887,0.053778704,0.168839,0.10458453,0.0046223956,0
ISIC_0031515,0.12853570238833156,0.0013759976,0.5849579,0.04812361,0.0012713423,0.0012906588,0.26358292,0.026907125,0.022120938,0.05036955,0
ISIC_0033782,0.05648954157460402,0.0058661574,0.012911806,0.17280187,0.005972249,0.0068299384,0.052582044,0.0056114737,0.5998921,0.13753226,0
ISIC_0027250,0.051394036678234986,0.0010859807,0.04963171,0.039828938,0.0010959532,0.0012882698,0.8371887,0.0045619328,0.05752139,0.0077970005,0
ISIC_0032528,0.04932390132189266,0.0021222837,0.0046324325,0.0888611,0.0019469718,0.0019827494,0.007916819,0.0041587767,0.87961876,0.0087601235,0
ISIC_0033544,0.06599908839476726,0.00074188865,0.0022039288,0.4463652,0.0007239303,0.00075316423,0.0052380543,0.0077701113,0.50951064,0.02669309,0
ISIC_0032242,0.09845695453336158,0.001598237,0.0030336666,0.054982234,0.0014947503,0.0017398226,0.0048217936,0.016760593,0.9093942,0.006174648,0
ISIC_0028380,0.07296610026154719,0.0028840161,0.008229942,0.123454,0.0026926075,0.0031227001,0.3297599,0.009501303,0.5044667,0.015888868,0
ISIC_0033731,0.10837380353962213,0.0023389382,0.0046342514,0.09252825,0.0020908874,0.002221142,0.31445152,0.019931471,0.544381,0.017422564,0
ISIC_0033495,0.10019465958483047,0.0012224735,0.17693998,0.23893867,0.00111906,0.0012196128,0.48262054,0.017303126,0.057552516,0.02308411,0
ISIC_0033564,0.31304656894535,0.0028704682,0.0030329672,0.015441412,0.0024621612,0.0027436167,0.0066922815,0.11825857,0.84637755,0.0021208508,0
ISIC_0033908,0.5453021805172517,0.00041131512,0.027860193,0.4848561,0.0004031141,0.00042219585,0.15133664,0.30662912,0.016113972,0.0119674085,0
ISIC_0028670,0.08242200640695346,0.0012677886,0.37320092,0.3290772,0.0014165895,0.0014556446,0.19489992,0.012033655,0.01879148,0.06785687,0
ISIC_0033975,0.1054651640276472,0.0033920982,0.011661187,0.116079345,0.0033992527,0.003530556,0.5737379,0.018982878,0.15544002,0.11377684,1
ISIC_0026360,0.8249018622274532,0.0025626926,0.007928061,0.026978442,0.002479115,0.0025002786,0.005979527,0.6903481,0.24957097,0.011652902,1
ISIC_0034014,0.31115003533608615,0.0003946472,0.0011528949,0.46155283,0.00040867372,0.00044086832,0.0018963049,0.117077924,0.32348943,0.09358647,0
ISIC_0030383,0.29646328032453423,0.0012138424,0.06386181,0.45645142,0.0012873835,0.0014888275,0.010221016,0.10810895,0.07299792,0.28436884,0
ISIC_0033809,0.07972444728505805,0.003064981,0.00550352,0.13868085,0.0027870268,0.002975543,0.010741729,0.011290811,0.6276414,0.19731419,0
ISIC_0033147,0.3342602836408152,0.0007006167,0.0036257487,0.60321754,0.00071773626,0.00075810443,0.003987308,0.13181967,0.14817926,0.106994174,0
ISIC_0029872,0.19470743634137175,0.0005207112,0.013815761,0.7228515,0.00045619297,0.000512122,0.080462426,0.054199375,0.026296485,0.10088551,0
ISIC_0033258,0.933286209385337,0.00051859504,0.016357446,0.014253083,0.00046547796,0.0005547728,0.007869955,0.89567006,0.06218328,0.0021273806,1
ISIC_0032935,0.11587020740939004,0.0023994509,0.0017654687,0.024844287,0.0021481966,0.0022842693,0.00849614,0.022444876,0.9258647,0.009752677,0
ISIC_0034067,0.21392337743141915,0.0029415225,0.003129093,0.06320153,0.0024164626,0.0027370523,0.008962594,0.063290924,0.8430945,0.010226187,0
ISIC_0029682,0.7383516626151427,0.001144783,0.004306288,0.13221875,0.0010241553,0.0012082023,0.024799755,0.5485898,0.2735466,0.013161607,0
ISIC_0033052,0.5343807597995075,0.0015200141,0.0016910557,0.016887475,0.001617484,0.001706372,0.44726616,0.2955695,0.22967069,0.004071343,0
ISIC_0033926,0.6115637403126563,0.0020822014,0.0038547334,0.16417639,0.0018669267,0.0021099835,0.014140558,0.37929747,0.3884339,0.04403795,0
ISIC_0034051,0.7666732312010837,0.004274291,0.0052877427,0.038789738,0.004143245,0.0036781875,0.08473326,0.5925185,0.2586828,0.007892105,1
ISIC_0034166,0.06590801642103117,0.003401101,0.00543684,0.121156596,0.0031156165,0.0034646404,0.0665868,0.007748286,0.781869,0.007221147,0
ISIC_0033098,0.1039907116723554,0.0014134968,0.010178662,0.015043174,0.0013206351,0.0014026107,0.007885168,0.018507833,0.941086,0.0031624266,0
ISIC_0033864,0.06799131841681051,0.0019825965,0.0014436787,0.006586144,0.0018579183,0.0020063394,0.0035697152,0.008252847,0.97047406,0.003826682,0
ISIC_0033571,0.060788830212155254,0.0014371979,0.26005986,0.054871406,0.0014431258,0.0014191829,0.5779754,0.0065566073,0.013909553,0.08232779,0
ISIC_0034215,0.10922832531133148,0.0012517328,0.0011564189,0.010705174,0.0011025221,0.0011654284,0.0055713975,0.02021302,0.9564064,0.0024280362,0
ISIC_0033587,0.30727277979544565,0.00047725445,0.000923738,0.62086505,0.0004931944,0.00050282764,0.0017577145,0.11468027,0.25042665,0.009873307,0
ISIC_0034293,0.07132410961798927,0.0016777257,0.0036765148,0.29110125,0.0015423972,0.0017188843,0.094127774,0.009082583,0.57980955,0.017263277,0
ISIC_0029726,0.1978183286326432,0.00024690173,0.029015053,0.8736706,0.00021464699,0.00028151376,0.0076833703,0.055636663,0.0053725317,0.02787884,1
ISIC_0031309,0.05060176894748709,0.0012419765,0.013826861,0.047991913,0.0012720982,0.0011154896,0.74516636,0.004406002,0.0228043,0.16217493,0
ISIC_0033773,0.7424991093563793,0.0026656098,0.022887688,0.3358567,0.0028213132,0.0030621388,0.009963724,0.5548753,0.04027438,0.027593171,1
ISIC_0034165,0.23410495461411882,0.0012962793,0.035845827,0.33422658,0.0012834369,0.0012847859,0.07012545,0.073384665,0.09754014,0.38501284,0
ISIC_0033935,0.453390972611656,0.0017873412,0.0016091773,0.005452569,0.0016397404,0.0017761992,0.016751466,0.22089386,0.7462005,0.0038890901,0
ISIC_0034266,0.07829050281942898,0.0055961222,0.011654853,0.119787954,0.0051573063,0.0058924407,0.37221536,0.010902454,0.3264782,0.14231537,0
ISIC_0026996,0.15849192937192855,0.0057120128,0.0053138104,0.09051751,0.004985822,0.0059281825,0.15816846,0.03846775,0.67846435,0.012442047,1
ISIC_0030211,0.9845825594916202,0.00015195683,0.003428782,0.004260466,0.00013828817,0.00016035166,0.0007909544,0.98803633,0.0018412315,0.0011916525,1
ISIC_0030378,0.08458445493128296,0.0016849991,0.0058858213,0.009619528,0.0015452037,0.001708641,0.41196275,0.012640475,0.5524205,0.0025321257,0
ISIC_0034002,0.5206525349055148,0.0024988323,0.032296207,0.0296586,0.0021811102,0.0023826126,0.2972342,0.28201526,0.33172017,0.020012949,1
ISIC_0030184,0.08066913510087273,0.0025504346,0.00453112,0.010532217,0.0024287123,0.0026197273,0.009641114,0.011549148,0.9515669,0.0045805885,0
ISIC_0033732,0.057166526509578874,9.482133e-05,0.0010495549,0.9348381,9.264377e-05,8.180308e-05,0.00048342464,0.0057567856,0.0283071,0.029295668,0
ISIC_0034091,0.07871344923228117,0.0002301258,0.003298856,0.83269876,0.00022600303,0.0002283023,0.103163354,0.011016525,0.047335662,0.0018024845,0
ISIC_0033994,0.10210250452814215,0.0026042832,0.006860593,0.09624084,0.002313907,0.0025046954,0.2845691,0.017905273,0.51884234,0.06815898,0
ISIC_0029216,0.28014963699956874,0.0012582716,0.31501743,0.038323026,0.0011583706,0.001334452,0.3982646,0.09850387,0.11189194,0.034248095,1
ISIC_0025863,0.39737004982256485,0.0021349338,0.0066622044,0.01741864,0.0021143968,0.0024384314,0.006840513,0.17616068,0.78134406,0.004886235,0
ISIC_0034219,0.15266623552943198,0.00026345745,0.00067435676,0.6920092,0.00029718754,0.00035387636,0.0023654043,0.036113214,0.24978547,0.018137854,0
ISIC_0033753,0.10806323469440816,0.0017482769,0.0038229458,0.078212224,0.0016153486,0.0018523027,0.007977295,0.019829465,0.8704629,0.014479138,0
ISIC_0034171,0.13010441945751358,0.0020086847,0.002515688,0.024236301,0.0018758209,0.0020081785,0.013449715,0.02747804,0.9216347,0.0047929366,0
ISIC_0034286,0.08740940382710548,0.0022905187,0.028951818,0.20420264,0.0021676605,0.0024476666,0.5095046,0.013448045,0.22306113,0.013925949,0
ISIC_0032571,0.07283066285194038,0.0033472267,0.009177036,0.5994516,0.0038915474,0.0042665415,0.03690095,0.009466522,0.28886652,0.044631995,0
ISIC_0032591,0.30173529539167765,0.0031336632,0.0030412644,0.016230468,0.0029137242,0.0031167166,0.013963307,0.111293174,0.8411188,0.0051888754,0
ISIC_0032606,0.08325044741850017,0.0015592974,0.001826253,0.011243248,0.0015659052,0.0015196077,0.0025396696,0.012264951,0.95089227,0.016588999,0
ISIC_0032634,0.14258271028085356,0.0018833714,0.0061173206,0.58281994,0.0020027028,0.0020663196,0.0065244543,0.03215744,0.3570609,0.009367548,0
ISIC_0032635,0.1974638563437783,0.0026118315,0.0077505037,0.08851541,0.002290425,0.0025977164,0.03247074,0.055472214,0.7933605,0.014930682,0
ISIC_0032759,0.11775307184579069,0.002632643,0.0037910983,0.12624025,0.0027033754,0.00286511,0.036595315,0.023091352,0.7745468,0.027534166,0
ISIC_0032956,0.1763412014618294,0.0019591262,0.0021234318,0.018228985,0.0018803411,0.002101155,0.0051697306,0.045988813,0.9172899,0.005258552,0
ISIC_0032996,0.09336558768931487,0.004567123,0.0050247055,0.022257337,0.0043712924,0.004833661,0.12537877,0.015204139,0.8045436,0.013819418,0
ISIC_0033036,0.2216532793512309,0.0037013553,0.004003081,0.08039451,0.0033007895,0.0035430074,0.008907685,0.06709118,0.8206808,0.0083775865,0
ISIC_0033039,0.09012037541704666,0.0010433778,0.0023310413,0.08087339,0.0009551686,0.0010715778,0.007129635,0.014238491,0.8822376,0.010119774,0
ISIC_0032562,0.12670994555486356,0.0018604232,0.0018226755,0.0700893,0.0016168483,0.001754471,0.012252132,0.026247645,0.86344576,0.020910827,0
ISIC_0033066,0.4376547659455259,0.0023299323,0.0040972987,0.16617325,0.0023143755,0.0022743337,0.0084570525,0.2077891,0.58871156,0.017853186,0
ISIC_0033072,0.1036080452833874,0.002696731,0.029455567,0.4855956,0.002536414,0.0028978193,0.19104038,0.01838519,0.25740287,0.009989434,0
ISIC_0033101,0.25671888460340936,0.0014285517,0.005533997,0.1521652,0.001454168,0.0015039508,0.023395367,0.08535689,0.60885614,0.12030561,0
ISIC_0033383,0.05750492245459413,0.0017292005,0.0014269371,0.008381638,0.0015486889,0.0017733772,0.023477344,0.005829921,0.94600993,0.009822804,0
ISIC_0033421,0.07099924233625966,0.001571907,0.007688218,0.5146777,0.0017570717,0.0017680118,0.0074578063,0.009000507,0.4225858,0.033492904,0
ISIC_0033467,0.1260927919520281,0.001279443,0.0024734638,0.113241844,0.0011809882,0.0012396333,0.031827893,0.026025942,0.78380686,0.038923983,0
ISIC_0033481,0.09790006551790818,0.0021614088,0.013413581,0.46884117,0.0024610346,0.0024599012,0.008165117,0.01658793,0.4609066,0.02500316,0
ISIC_0033556,0.14428324976431725,0.0016801956,0.006485004,0.52089846,0.0017965557,0.0017947576,0.003763906,0.032813795,0.42407414,0.006693256,0
ISIC_0033567,0.11720652998811569,0.0025377003,0.014453339,0.1691603,0.0026661346,0.0030757177,0.02625742,0.02290308,0.6823866,0.076559715,0
ISIC_0033602,0.09538300672175411,0.0033325285,0.0023888329,0.013288781,0.0028790396,0.003304901,0.47012243,0.015814895,0.47995788,0.008910706,0
ISIC_0033623,0.13713610258112402,0.0014912424,0.009893985,0.081544966,0.00152944,0.0015758245,0.0035831095,0.030085087,0.8615827,0.008713705,0
ISIC_0033647,0.08229479904159402,0.0034830414,0.0029785528,0.088058,0.0032265626,0.0037884705,0.034427296,0.01199827,0.83291894,0.019120874,0
ISIC_0033772,0.16262429336645004,0.0015156453,0.0033291434,0.015526543,0.001522163,0.0014707329,0.0077515193,0.040168084,0.91814435,0.010571728,0
ISIC_0033797,0.15998533626986516,0.0023042373,0.00900914,0.0777383,0.0022117074,0.0024094526,0.030173147,0.039079364,0.8240572,0.013017515,0
ISIC_0033826,0.07818481895661648,0.0026511739,0.0031256264,0.039436765,0.0025164674,0.0028432158,0.2753609,0.010874013,0.6548447,0.008347101,0
ISIC_0033858,0.10343309745496669,0.001104072,0.00292721,0.09493037,0.001139546,0.0010676556,0.002864096,0.018329209,0.8678433,0.009794583,0
ISIC_0033892,0.09979288431387044,0.005111048,0.009317165,0.14728306,0.005103412,0.0051891482,0.15231328,0.017177183,0.6428994,0.0156062385,0
ISIC_0034075,0.26733637042809594,0.0021555133,0.0062188194,0.01633521,0.002030485,0.0020663769,0.0056977104,0.09122025,0.8615001,0.012775612,0
ISIC_0034081,0.12842670664719696,0.00068277994,0.0015913871,0.024163282,0.00070733053,0.0007383287,0.0028355073,0.026867604,0.88675976,0.055654116,0
ISIC_0034082,0.05164200636333301,0.001683554,0.0019593237,0.044598475,0.0016405402,0.0015855118,0.0144791845,0.004611149,0.915685,0.013757216,0
ISIC_0034114,0.09146896165517145,0.0036220073,0.006153465,0.100233756,0.0033715398,0.003557908,0.30671844,0.014637234,0.50074404,0.060961545,0
ISIC_0034228,0.20209824216844713,0.0012440227,0.0128106205,0.5313172,0.0013190698,0.0015022925,0.008982041,0.057635933,0.36053213,0.024656791,0
ISIC_0034248,0.24316389584319473,0.001101932,0.0083334325,0.6273049,0.0011344908,0.0013289806,0.011839369,0.07809655,0.20935798,0.061502248,0
ISIC_0034302,0.05734955876510341,0.0007928678,0.0011578349,0.0064713145,0.0007828123,0.0007308558,0.0025373835,0.005796302,0.9689401,0.012790561,0
ISIC_0034312,0.08495461515807891,0.0056341398,0.007704833,0.110527076,0.005746142,0.006709244,0.15053098,0.012745343,0.68868184,0.011720419,0
ISIC_0033887,0.279772606264673,0.0031159786,0.008594012,0.04700179,0.0025500364,0.0027649628,0.024779536,0.09828629,0.8062727,0.0066346833,0
ISIC_0031757,0.47874329582234354,0.0017079739,0.002430463,0.008105054,0.0015593645,0.0016386792,0.02329125,0.24293554,0.715766,0.0025656542,0
ISIC_0027194,0.2484923143744516,0.005556822,0.13665605,0.25274202,0.004877793,0.0053727175,0.031648993,0.08092051,0.03330333,0.44892165,0
ISIC_0034128,0.0696742056218392,0.0041124127,0.0033860572,0.030487968,0.0036063578,0.0044384412,0.010612455,0.008668403,0.9265955,0.008092376,0
ISIC_0029396,0.14955692148415303,0.0017564454,0.220824,0.056693714,0.0016506749,0.0018953359,0.10481602,0.03487713,0.5583787,0.01910807,0
ISIC_0033877,0.04672489251826048,0.0023649416,0.004617545,0.40971097,0.0023068122,0.0023751883,0.033593185,0.003672699,0.5292396,0.012119207,0
ISIC_0034284,0.8140311402494325,0.0009075574,0.008066471,0.10761756,0.00081440964,0.0008163497,0.019132316,0.6713171,0.12838992,0.062938385,1
ISIC_0033884,0.1757225296519045,0.00084163575,0.009896897,0.77681684,0.0008809317,0.0009773098,0.0035599284,0.045720495,0.14460473,0.01670125,0
ISIC_0033854,0.04831096674548188,0.00061310566,0.16005386,0.7027959,0.00062013423,0.00077365665,0.03906612,0.0039666276,0.06706226,0.025048438,0
ISIC_0033264,0.7522647315539098,0.00062235293,0.025550505,0.25438878,0.000567271,0.00064848404,0.0040428094,0.5698742,0.018666781,0.12563892,0
ISIC_0033783,0.3786914867437193,0.000110825014,0.013498838,0.80317414,9.041448e-05,0.000114434166,0.006711074,0.16239469,0.011938828,0.0019668322,0
ISIC_0025786,0.2049548895273278,0.0014750551,0.38313544,0.15178561,0.0013601608,0.001572299,0.05959599,0.058984417,0.2937118,0.048379254,0
ISIC_0026296,0.06819495230835017,0.0021318905,0.016545398,0.40032855,0.00207408,0.002408686,0.07840913,0.008302755,0.47875333,0.011046145,1
ISIC_0031145,0.061620741211221595,0.0049183923,0.011715947,0.30383193,0.004696977,0.0052863,0.038860284,0.0067454763,0.59179515,0.032149494,0
ISIC_0034308,0.06137024278237695,0.0026863094,0.005317116,0.511461,0.002729111,0.0029864218,0.011473145,0.006688406,0.45038342,0.0062750094,0
ISIC_0033811,0.2976002023074211,0.00073178974,0.030763676,0.69183314,0.0007428079,0.00074703293,0.019581422,0.108792305,0.024944162,0.12186382,0
ISIC_0033206,0.8892137936024477,0.0017428624,0.004266122,0.011655427,0.0015626232,0.001656847,0.0046980693,0.8095522,0.16227034,0.002595371,1
ISIC_0034281,0.18790428209121462,0.0011992396,0.010741896,0.045810707,0.0010647249,0.0011523681,0.046266068,0.051103022,0.6179844,0.22467756,0
ISIC_0033029,0.14244030955120227,0.0058465716,0.009458002,0.086347885,0.0054578814,0.0059978906,0.07074766,0.032102678,0.7639597,0.020081775,1
ISIC_0033932,0.6255025596488841,0.0014238553,0.003238403,0.17286536,0.0013001817,0.001434112,0.027629197,0.395873,0.38686076,0.009375146,0
ISIC_0034316,0.8984698394770788,0.00046530468,0.065335594,0.013243698,0.00045178432,0.0004560589,0.07623327,0.82748586,0.011159882,0.0051684654,1
ISIC_0032158,0.35518198139104223,0.000992834,0.02017831,0.08550529,0.0008697002,0.0010196216,0.5505276,0.14584373,0.16324541,0.031817544,0
ISIC_0033522,0.9433583837126513,0.0010718851,0.0050587207,0.03215712,0.0009837317,0.0010629619,0.003521446,0.91527647,0.034630246,0.006237484,1
ISIC_0030555,0.048644589768237975,0.00061860465,0.008788512,0.005726701,0.00064843724,0.0005412567,0.9650305,0.004029537,0.005147424,0.009469223,0
ISIC_0033785,0.15442678928368062,0.003525478,0.22944172,0.18806402,0.003642433,0.0030170633,0.35468218,0.036819484,0.046382975,0.1344247,0
ISIC_0031967,0.20867178397880637,0.002745812,0.17255178,0.13132145,0.0028668756,0.002733561,0.17818399,0.060755797,0.054804403,0.39403638,0
ISIC_0027976,0.10058785031586624,0.00058415224,0.7504831,0.026022106,0.0005590849,0.00062640826,0.085976146,0.01742667,0.0028721336,0.11545024,0
ISIC_0032678,0.056011748667265875,0.00207969,0.0018382678,0.020387793,0.0019172592,0.002218501,0.01259207,0.0055097267,0.9467555,0.006701015,0
ISIC_0033208,0.0697927253201944,0.0031008448,0.004989379,0.22558951,0.0032372833,0.0035845053,0.013843998,0.0086979335,0.7271992,0.009757349,0
ISIC_0033577,0.09575861719936658,0.0030577963,0.0058361143,0.26894695,0.0026664024,0.0034704541,0.060343083,0.01592948,0.6180942,0.02165551,0
ISIC_0033690,0.07274610032215681,0.0015847804,0.004178504,0.48613086,0.0015880626,0.0019191537,0.012072664,0.009444828,0.4736199,0.009461296,0
ISIC_0033895,0.10476541048011061,0.0013755811,0.004967278,0.23072605,0.0013651963,0.0015568126,0.040010333,0.018756937,0.6602281,0.04101373,0
ISIC_0033896,0.0904015281195249,0.0020208338,0.00577802,0.6591248,0.0021949443,0.002517634,0.011682536,0.01432132,0.244404,0.05795599,0
ISIC_0033970,0.23961634673778012,0.0021088163,0.0055960477,0.30600917,0.002020055,0.0022091423,0.028737584,0.07623797,0.56926244,0.007818799,0
ISIC_0034193,0.05356047538663021,0.0022977903,0.0023029377,0.027736723,0.0021141157,0.0024909468,0.014201241,0.0049984492,0.93788683,0.0059710224,0
ISIC_0034250,0.06682673260112935,0.0017718561,0.003267048,0.65987885,0.0018658597,0.002200526,0.016787367,0.007969431,0.28328106,0.022978103,0
ISIC_0026371,0.04311121550750243,0.0009102197,0.00812082,0.7802952,0.00094746036,0.0010508298,0.03976277,0.003035883,0.14729603,0.018580753,0
ISIC_0027721,0.3970550527203675,0.0021300386,0.41283584,0.2263697,0.0019286592,0.0019562652,0.017270565,0.17592391,0.06541175,0.09617328,1
ISIC_0033723,0.3824405914860038,0.000818732,0.007546363,0.5332254,0.0008073332,0.00092123554,0.0054013696,0.1651134,0.20537663,0.0807895,0
ISIC_0027138,0.07403626305832968,0.0010844542,0.002978872,0.03501807,0.0011293454,0.0011615285,0.79349375,0.00977765,0.15028359,0.0050726593,0
ISIC_0034278,0.4799305629675259,0.0008941522,0.002465337,0.14418797,0.0008132781,0.00087882916,0.020470982,0.24399658,0.5784388,0.007854025,0
ISIC_0029072,0.15398913960487934,0.0036529563,0.124927215,0.15576924,0.0038506184,0.0044079064,0.14978938,0.036643486,0.4924744,0.02848478,0
ISIC_0033821,0.07785828660498939,0.0022070704,0.004846428,0.027718468,0.0024377008,0.0021400105,0.0042046253,0.010786297,0.66058797,0.28507146,0
ISIC_0033395,0.30395997946886383,0.002730019,0.21125112,0.03034531,0.0028432095,0.0025882374,0.07779297,0.11264869,0.5308297,0.028970722,0
ISIC_0030681,0.8965901793576706,0.00094264623,0.0024523241,0.004972417,0.0008818021,0.0009777768,0.03801931,0.8238327,0.11601575,0.011905453,1
ISIC_0033500,0.7912508078221657,0.00050222245,0.0020374202,0.21338825,0.00046402143,0.0005703406,0.0035675725,0.6325744,0.12618142,0.020714445,1
ISIC_0034125,0.5911992411224863,0.0012743934,0.008942224,0.40195152,0.0011693074,0.0011154676,0.004696561,0.35590932,0.14914387,0.075797416,0
ISIC_0032428,0.4233783952547152,0.0024146568,0.03788027,0.020948837,0.0021507216,0.0023372348,0.008048675,0.1962699,0.6834753,0.046474326,0
ISIC_0033796,0.34134479042530874,0.0021450461,0.0056761834,0.18407004,0.0021009045,0.0022178716,0.009036385,0.1364954,0.6331369,0.025121337,0
ISIC_0031293,0.09034838978578429,0.0013791864,0.00835137,0.0149317775,0.0013056042,0.0014714914,0.64236474,0.014305653,0.30834967,0.0075405263,0
ISIC_0033688,0.08978848414482686,0.0017789694,0.0073955855,0.30067,0.001813379,0.0020381494,0.011397658,0.014140919,0.6037131,0.057052314,0
ISIC_0032789,0.05826970493362498,0.0015162841,0.0076023983,0.4582779,0.0014774043,0.0016164171,0.0045737964,0.005996426,0.50977695,0.009162519,0
ISIC_0033582,0.5834384763575486,0.0013332259,0.007775143,0.24580534,0.0012530194,0.0012135681,0.0069088936,0.34724846,0.20419161,0.18427068,0
ISIC_0033922,0.061098818225836383,0.004924984,0.009000667,0.1858053,0.0049302797,0.005699313,0.03143897,0.006626762,0.7395379,0.012035892,0
ISIC_0031825,0.19061059363548324,0.0006351707,0.16071908,0.6751818,0.0005923209,0.0006609529,0.014421316,0.052327044,0.023008788,0.07245346,0
ISIC_0030882,0.03157397079961744,5.9464666e-05,0.00024745482,0.0002766973,7.0321395e-05,5.528275e-05,0.9969986,0.0013447545,0.0007983479,0.00014903813,0
ISIC_0034126,0.11332528364470106,0.00022121992,0.013578931,0.91825485,0.00022403062,0.00028879638,0.0017979436,0.021580689,0.029849166,0.014204333,0
ISIC_0032421,0.1273667657373296,0.0029766397,0.0052601285,0.10503801,0.0028185416,0.0032704142,0.14814639,0.026484275,0.67563486,0.030370852,0
ISIC_0027334,0.19914167394876295,0.0015958371,0.11664387,0.038017128,0.0014251835,0.0015388884,0.055376764,0.056252133,0.21373205,0.515418,0
ISIC_0031188,0.05529379012096304,0.002029537,0.001974967,0.03533908,0.0017866815,0.002138059,0.013864453,0.005358107,0.93272126,0.004787907,0
ISIC_0030417,0.3407513821368722,0.00067823875,0.046323527,0.6656385,0.00060316105,0.0006202409,0.01224763,0.1361009,0.030595664,0.10719221,1
ISIC_0027487,0.21449084286126974,0.0035333212,0.059738796,0.019996572,0.003398209,0.0034956892,0.44677207,0.063567124,0.07084086,0.32865736,1
ISIC_0033840,0.08483773090582167,0.002538498,0.009066246,0.054819465,0.002346202,0.0027623517,0.080104455,0.012712198,0.83024544,0.0054050493,0
ISIC_0033628,0.06528038505439701,0.0040382273,0.0033416916,0.054311644,0.003345883,0.004034968,0.039283495,0.0075984574,0.8649554,0.019090137,0
ISIC_0030273,0.6554489878353781,0.0011078491,0.0051871156,0.30691832,0.0010161166,0.0011559797,0.013577036,0.43310544,0.22385477,0.014077367,0
ISIC_0030314,0.17896021162592976,0.00074635044,0.8205728,0.005557703,0.0006473095,0.00067811983,0.022301441,0.04713068,0.0759041,0.026461614,0
ISIC_0027256,0.06834685083157312,0.0011756043,0.0022026005,0.005689751,0.0010171939,0.0013426468,0.96383566,0.008340051,0.013544044,0.0028524676,0
ISIC_0032170,0.049343275178816336,0.00027194075,0.0020340106,0.8722035,0.00028405266,0.00028112193,0.0025665506,0.004162485,0.09527622,0.022920087,0
ISIC_0027812,0.09688771258837449,0.0029369756,0.03075966,0.03747873,0.0027882422,0.0033915334,0.2784501,0.01627556,0.6156036,0.012315502,0
ISIC_0033917,0.128613493164486,0.0045165936,0.20922123,0.1878083,0.0046026423,0.0049642897,0.12521872,0.026935343,0.21462107,0.2221119,0
ISIC_0034105,0.11699480513939173,0.001010871,0.001303871,0.0030774418,0.00091912673,0.0009401158,0.0042298506,0.022830281,0.9630146,0.0026735633,0
ISIC_0034259,0.5179906776650186,5.7444682e-05,0.00042926878,0.68912435,5.7146688e-05,6.6707544e-05,0.007916537,0.2794312,0.021261765,0.0016556196,0
ISIC_0028449,0.17620551656045838,0.0009223504,0.108990215,0.5919588,0.0008519195,0.0009258186,0.184579,0.04592992,0.0057169194,0.06012505,0
ISIC_0031495,0.12912090754448444,0.0033662517,0.004511678,0.16284348,0.0034398965,0.0031598997,0.024785459,0.027119642,0.67990637,0.0908673,0
ISIC_0034100,0.3051742399858813,0.0006788669,0.013860225,0.72452253,0.0006293644,0.0007592367,0.006899717,0.11339152,0.09637566,0.042882767,1
ISIC_0032868,0.10939602971775549,0.0008641964,0.0129053695,0.064937286,0.0008312733,0.00084490236,0.006210351,0.020268427,0.8688089,0.024329249,0
ISIC_0033850,0.2476449007274796,0.0019185279,0.22377494,0.34866786,0.0017610891,0.0017243756,0.22002688,0.080468796,0.06929797,0.05235961,0
ISIC_0029389,0.08984220087696362,0.0006447647,0.13079667,0.0565677,0.0005963118,0.0005913108,0.750416,0.014156696,0.016302232,0.029928235,0
ISIC_0034287,0.9730174093118407,0.0004282548,0.0025638791,0.0031591498,0.00037473507,0.00041518125,0.0029453128,0.9700228,0.01768089,0.0024097024,1
ISIC_0025603,0.6636417420695021,0.0017359359,0.05915736,0.06905587,0.0015629691,0.0016190645,0.025484836,0.4436891,0.3549849,0.042709894,1
ISIC_0033508,0.15626062755048659,0.0035393497,0.0033308682,0.043852836,0.0031925396,0.0032692503,0.008839647,0.037560027,0.87982523,0.01659038,0
ISIC_0033875,0.19473107517127855,0.0029174283,0.009904436,0.1649216,0.002752727,0.003019626,0.022123465,0.054210246,0.72720593,0.0129446015,0
ISIC_0034200,0.06203251051242905,0.002635393,0.003185733,0.02361063,0.0025345336,0.0030457466,0.014780185,0.00683966,0.9386002,0.0047679623,0
ISIC_0034249,0.07297900394615485,0.001960337,0.009296905,0.28492585,0.0018187907,0.0019604736,0.009231809,0.009504619,0.6728157,0.008485615,0
ISIC_0032881,0.1289332737227937,0.0024750268,0.013356969,0.09625126,0.002571428,0.00272381,0.027691308,0.027051443,0.8070075,0.020871168,0
ISIC_0033329,0.17165783660122555,0.0018880416,0.0040809917,0.029733142,0.001930015,0.002124322,0.0092357015,0.043971162,0.8972721,0.009764518,0
ISIC_0034181,0.05592239009461846,0.0013974316,0.0013448077,0.017033104,0.0012572096,0.0014817693,0.028886074,0.0054907724,0.94036597,0.0027428453,0
ISIC_0033277,0.04721325121398738,0.0044514965,0.006192505,0.35517132,0.0048993784,0.0051419325,0.03700973,0.0037622866,0.561834,0.021537399,0
ISIC_0033197,0.06202125669724783,0.001952117,0.0013624902,0.011057023,0.0017832307,0.0019947707,0.015431312,0.0068370798,0.9528066,0.006775508,0
ISIC_0032824,0.0671946742367579,0.002514161,0.0024731483,0.009479944,0.0024756386,0.002531729,0.027867198,0.008058603,0.94038886,0.004210705,0
ISIC_0034124,0.2733287840796157,0.0023871341,0.010771281,0.3162846,0.0021612502,0.0022471945,0.20517857,0.09459823,0.11623152,0.25014025,0
ISIC_0030335,0.0812475053787952,0.0017049176,0.6056997,0.11522496,0.001802053,0.0019471139,0.124527775,0.011708276,0.014224243,0.12316095,0
ISIC_0028756,0.16960318259853505,0.0010579311,0.003555784,0.009592322,0.0011416178,0.0011579897,0.069926195,0.04309586,0.86636347,0.0041089235,0
ISIC_0031642,0.796663921714867,0.0020526692,0.026384404,0.031304833,0.0016355684,0.0017474125,0.008310012,0.64163995,0.25082484,0.03610028,1
ISIC_0033162,0.3604726168395638,0.006393285,0.0043091024,0.013780489,0.005851858,0.006773714,0.008852321,0.1494944,0.7867529,0.017791966,0
ISIC_0033713,0.7753741782202356,0.0018924888,0.004769088,0.029598752,0.0017638076,0.0019085835,0.0032100633,0.6064922,0.33979005,0.010574898,1
ISIC_0032159,0.1303868493691471,0.0005784128,0.34570837,0.46480933,0.0005462709,0.0005167573,0.078239225,0.027581245,0.059007704,0.02301271,0
ISIC_0031485,0.08546362601955496,0.0018249855,0.030780653,0.419216,0.0016752267,0.0019285738,0.14897244,0.0128900185,0.3714405,0.011271606,0
ISIC_0032044,0.4179969442921815,0.0009840091,0.013662919,0.3485675,0.000902615,0.00096189306,0.00859807,0.19201724,0.20097013,0.2333356,1
ISIC_0030557,0.3199125939452476,0.0025451193,0.005555159,0.093812004,0.0024181243,0.0026076806,0.29776254,0.12257619,0.46067816,0.012045058,0
ISIC_0031560,0.6337164474554325,0.0035216722,0.021711504,0.09414088,0.0030364364,0.0029894847,0.023133906,0.40586218,0.28622457,0.15937929,0
ISIC_0032008,0.22226686327318682,0.0009251184,0.009395395,0.1787392,0.0008803701,0.0009096018,0.0045716665,0.06739634,0.19968605,0.5374963,0
ISIC_0033190,0.06472514943338148,0.002041928,0.0021814092,0.1215773,0.0017812724,0.0018744204,0.0088082915,0.007466764,0.842442,0.011826745,0
ISIC_0029418,0.4980648222572155,0.0037420995,0.0040512765,0.0681127,0.0032471367,0.0035604318,0.15648769,0.26053205,0.49119097,0.009075633,0
ISIC_0028467,0.5723521688689932,0.002244024,0.012324698,0.15801892,0.0021623585,0.0025530322,0.012124437,0.3351119,0.47021338,0.005247266,1
ISIC_0032061,0.27153470008057573,0.0013444017,0.61119145,0.046699133,0.001261074,0.0013342116,0.065014586,0.09358167,0.15975137,0.019822156,0
ISIC_0033754,0.8965711790222637,0.0018026037,0.005106509,0.021702407,0.0015800865,0.001748219,0.0032674205,0.8237958,0.08283565,0.058161348,1
ISIC_0028255,0.2941107399603401,0.0021410345,0.0023408872,0.01127484,0.0018560808,0.0017324443,0.018524973,0.10670074,0.8515851,0.0038439154,0
ISIC_0028658,0.2054172044347764,0.004140773,0.0027508335,0.0077414955,0.003633896,0.003910864,0.013742404,0.05920371,0.89813966,0.0067362892,0
ISIC_0034260,0.12032583821484454,0.00029832867,0.0008493536,0.6109578,0.00033944804,0.00034093554,0.001495635,0.023984361,0.34003437,0.021699764,0
ISIC_0034274,0.20981678712857466,0.0033754655,0.003129635,0.03492566,0.0031300914,0.0034767592,0.14740528,0.061305303,0.73356587,0.009685873,0
ISIC_0033852,0.1536219703885969,0.0041701207,0.037889685,0.08540019,0.0036893573,0.0043453327,0.4075319,0.03649605,0.3817909,0.03868643,0
ISIC_0033915,0.1134352777357087,0.002412314,0.006916252,0.1116704,0.0022076569,0.0025593974,0.11147473,0.02161781,0.73497516,0.0061663035,0
ISIC_0033282,0.285121655570389,0.0034996779,0.019605143,0.07030586,0.0036225223,0.003458075,0.07292216,0.10139173,0.7050664,0.020128489,0
ISIC_0028642,0.8394830202363587,0.0010904607,0.008908071,0.054511752,0.0009988828,0.0010962453,0.02641902,0.71641374,0.18622008,0.0043417066,1
ISIC_0029725,0.24232619319445137,0.001955537,0.041328214,0.08206957,0.001764701,0.0022345104,0.051336844,0.07765612,0.72973746,0.01191696,0
ISIC_0025234,0.09274225202151533,0.0003173613,0.18180074,0.0022272556,0.0003742066,0.00033138963,0.7974404,0.015017039,0.00048330202,0.0020082153,1
ISIC_0031791,0.08959323850967726,0.003106876,0.1754853,0.3944055,0.0030740954,0.00328331,0.109500125,0.014083623,0.18624291,0.110818185,0
ISIC_0031705,0.09965432689519156,0.0021303806,0.34277028,0.22878376,0.0018709194,0.0021900467,0.10898154,0.01713382,0.13405055,0.16208869,0
ISIC_0033245,0.33644376690286104,0.0004761174,0.0059249275,0.5841955,0.00045610542,0.00047731242,0.0049537267,0.13325284,0.21915567,0.05110791,1
ISIC_0027548,0.10462144659199138,0.0016264111,0.0019367542,0.15055995,0.0016276764,0.0017608379,0.025713285,0.018710563,0.7933465,0.00471802,0
ISIC_0030312,0.02942348289637895,0.00023756262,0.0034156838,0.0049170395,0.0002390323,0.00023051315,0.003150845,0.001094677,0.007180124,0.97953445,0
ISIC_0029985,0.06554544944788272,0.000304145,0.003647982,0.013735125,0.00030990934,0.0003318376,0.93582195,0.0076616094,0.037306514,0.00088103284,0
ISIC_0031217,0.02665313999221547,0.00036431855,0.0014771988,0.0014471266,0.00036608364,0.00032674585,0.9921536,0.0008066503,0.0020688237,0.0009894518,0
ISIC_0030462,0.2375807128474514,0.0017352261,0.004543148,0.0277727,0.0016362,0.0017424403,0.012693793,0.075179264,0.8703594,0.0043380638,0
ISIC_0027559,0.09037416260174784,0.00020753905,0.0039002632,0.8856668,0.00018788244,0.0001946261,0.0027854212,0.014313251,0.013011008,0.079733215,0
ISIC_0034241,0.15907051868682504,0.0027283572,0.011340356,0.19682984,0.0023696928,0.0027548086,0.033134963,0.03870432,0.5172168,0.19492091,0
ISIC_0033158,0.04219482801933014,0.000104800994,0.000939683,0.0009915364,0.00015653051,0.00011801213,0.993347,0.0028819377,0.00085933105,0.00060122745,0
ISIC_0029895,0.07742820132540985,0.0010279788,0.0074834707,0.5619406,0.0009668258,0.001093787,0.03858975,0.01067113,0.33555624,0.04267022,0
ISIC_0028793,0.050606659734912886,0.0033731908,0.005376828,0.20533824,0.0031789576,0.0034604948,0.023534888,0.0044069584,0.73136085,0.01996953,0
ISIC_0029512,0.09131526446044451,0.0020949875,0.087731495,0.116658285,0.002261833,0.0023845353,0.41422048,0.014591606,0.124918334,0.23513842,1
ISIC_0033480,0.35192596127855674,0.0006370942,0.014381503,0.42446396,0.0005604529,0.00069333235,0.030657101,0.14361809,0.04521162,0.33977675,0
ISIC_0033591,0.07546930353976698,0.00011780312,0.010808057,0.0016652634,0.00014303495,0.00014249842,0.9721722,0.010151899,0.0021021604,0.0026971947,0
ISIC_0033129,0.6566939777900423,0.0028572052,0.008271894,0.14011578,0.0023847665,0.0025806122,0.0647982,0.43470255,0.108260274,0.23602867,1
ISIC_0032331,0.2469950224334976,0.001699401,0.016163308,0.41436616,0.0015253484,0.0017240852,0.017311748,0.080123045,0.44734073,0.019746091,1
ISIC_0033667,0.11537865122404566,0.0017695132,0.0071650334,0.15790145,0.0018314191,0.0016964801,0.010741214,0.022277093,0.49694824,0.2996696,0
ISIC_0030722,0.025139093727398375,0.00014659314,0.0022156255,0.0010700681,0.00013410009,0.0001221493,0.99455845,0.00066631875,0.00015715999,0.00092933484,0
ISIC_0034133,0.10508961463438027,0.00074742595,0.0017330572,0.1875248,0.0007457281,0.0008078212,0.0032612288,0.018861508,0.78179115,0.004527266,0
ISIC_0034233,0.9176946226926344,0.0003740154,0.009034068,0.04856544,0.0003495004,0.00044846963,0.06195814,0.8650862,0.0107567115,0.0034274682,1
ISIC_0033979,0.10173079766824587,0.0016732883,0.14753994,0.4640486,0.0014455611,0.0018058062,0.12719126,0.017787427,0.02346123,0.21504691,0
ISIC_0032991,0.07808860771736283,0.002971788,0.038188994,0.1226933,0.00290629,0.0035563149,0.30844113,0.010848143,0.046482097,0.46391198,0
ISIC_0030565,0.453603245639971,0.0021293995,0.05777954,0.4985465,0.0020164861,0.0023528573,0.04500785,0.22107361,0.057283055,0.11381056,0
ISIC_0034101,0.8644620814458817,0.001131726,0.013487178,0.17177705,0.0011482675,0.0010890339,0.027381862,0.76243514,0.013582355,0.007967338,1
ISIC_0034055,0.15042279014976895,0.0014225309,0.005361576,0.27764422,0.0014773452,0.001444201,0.0071532056,0.0352199,0.6009164,0.06936058,0
ISIC_0031222,0.0831614216502945,0.002193767,0.0031955864,0.0062091183,0.0021907398,0.002232763,0.0051660757,0.012240025,0.9633425,0.0032294341,0
ISIC_0033812,0.0814429289318057,0.0009648068,0.0023726977,0.34843215,0.0009522019,0.0010667522,0.008220247,0.011762208,0.6130522,0.013176729,1
ISIC_0025370,0.13118292568786824,0.0022620712,0.0034530216,0.024793718,0.0020112945,0.0024159416,0.012128682,0.02787283,0.917815,0.0072474005,0
ISIC_0030261,0.10659275371272292,0.0007038542,0.7256451,0.027176661,0.0006989276,0.0006793987,0.016898692,0.01934882,0.010986344,0.19786222,0
ISIC_0033867,0.1023644677872047,0.0020247218,0.0035185874,0.16080499,0.0018945028,0.0020009873,0.060034603,0.017988479,0.74612933,0.0056037204,0
ISIC_0029020,0.0657699123466292,0.00018698498,0.96710056,0.0043012947,0.00015915888,0.00018550867,0.0042883805,0.0077152303,0.0011454824,0.014917343,0
ISIC_0033806,0.7195585761085219,0.0024531418,0.04968171,0.08421047,0.0021915275,0.0022762849,0.0047039255,0.52073276,0.20386444,0.1298858,1
ISIC_0034282,0.1451420311690017,0.0010273911,0.003727708,0.029322883,0.00093110994,0.0009921357,0.026951909,0.03314693,0.89638585,0.007513923,0
ISIC_0032128,0.39327859709123086,0.0010314914,0.09253656,0.39569065,0.0010645408,0.0012012201,0.2966676,0.17309774,0.026301384,0.012408886,0
ISIC_0029214,0.09209747047434101,0.0027121732,0.005980549,0.03176533,0.0026247234,0.0030020063,0.057860773,0.014824308,0.718159,0.16307108,0
ISIC_0025228,0.35808655582082777,0.0019220131,0.44911095,0.0481384,0.0017299274,0.0019504393,0.040630024,0.14784269,0.044371482,0.26430413,0
ISIC_0027162,0.10892003770276511,0.0015843594,0.09921285,0.5705817,0.0013817698,0.0013882533,0.14773647,0.020111296,0.09293032,0.06507295,0
ISIC_0026281,0.10288706170912407,0.0005151874,0.8990845,0.02518169,0.0005200158,0.000486384,0.0032624458,0.018154845,0.013039795,0.039755292,1
ISIC_0031600,0.17666013177737291,7.043388e-05,0.0014053307,0.9277008,6.518615e-05,7.943119e-05,0.0065327063,0.046127345,0.016403502,0.0016153641,0
ISIC_0034170,0.2233539893900899,0.00030506589,0.0024526117,0.7289202,0.00027411964,0.00031644982,0.012704499,0.067938276,0.14149694,0.045591816,1
ISIC_0034117,0.3040538158739113,0.0024876592,0.14652738,0.06497405,0.0023403203,0.002482793,0.3608593,0.11270602,0.07924797,0.22837453,1
ISIC_0031178,0.07765898230560775,0.002135821,0.0037548274,0.02472791,0.0020252864,0.0022325756,0.7884053,0.010732876,0.16327702,0.0027082746,0
ISIC_0034145,0.3988296501111622,0.0009782424,0.009953591,0.06377449,0.0010015428,0.0010146223,0.0031941053,0.17725989,0.42955986,0.31326354,1
ISIC_0033071,0.1574301245022709,0.00094578566,0.0014254545,0.031536605,0.0009803706,0.0010885253,0.565091,0.038034882,0.35710895,0.0037884281,0
ISIC_0027774,0.2957578083031495,0.001488199,0.6665085,0.0054952195,0.0012000771,0.0015848334,0.13961373,0.10768584,0.051227182,0.025196437,0
ISIC_0034168,0.4505473513882376,0.001754323,0.017439978,0.3691831,0.0016576946,0.0017257285,0.010143901,0.21849361,0.3414645,0.03813735,0
ISIC_0028056,0.5032149835164015,0.0043773497,0.02573731,0.43300557,0.004011923,0.004347622,0.013931428,0.26534253,0.21160553,0.037640728,1
ISIC_0029017,0.24868020791412468,0.0021364668,0.012057883,0.15661465,0.0020084756,0.002354187,0.012306846,0.0810208,0.70426697,0.027233785,1
ISIC_0033630,0.7250988153585363,0.0008517667,0.07613339,0.310487,0.00071849785,0.0008434628,0.009611206,0.5288395,0.06436385,0.008151281,1
ISIC_0030144,0.05221093439940056,0.0009600723,0.004411073,0.023007555,0.0009130111,0.000969235,0.92044145,0.0047248034,0.03954163,0.00503127,0
ISIC_0027718,0.13396465325796733,0.0025187463,0.30865893,0.0645489,0.0023229402,0.0026131414,0.070536934,0.028899608,0.3714965,0.14840427,0
ISIC_0033651,0.9704994751360171,0.0005958497,0.001231694,0.0022751726,0.0005734627,0.0006224291,0.0010790136,0.965713,0.025726855,0.002182488,1
ISIC_0033962,0.10075965175999582,0.004844861,0.009898004,0.16055994,0.0041704094,0.004709351,0.2643233,0.017480742,0.4984847,0.035528734,1
ISIC_0028008,0.09583060854226262,0.0027341815,0.21567781,0.21178675,0.0026065786,0.0027833553,0.1927588,0.015951473,0.097117595,0.25858343,0
ISIC_0034173,0.26387713311696287,0.0010908949,0.001438442,0.016655693,0.0009607204,0.0011610589,0.026381502,0.08929286,0.86078054,0.0022381574,1
ISIC_0028978,0.13600088392909426,0.009164703,0.07362399,0.046001364,0.009148928,0.0103043895,0.57559115,0.029658938,0.10936115,0.13714536,0
ISIC_0028751,0.2703269847464998,0.0018351295,0.0011001971,0.004853732,0.0018092738,0.0018359943,0.0036727872,0.09289987,0.88796085,0.0040321765,0
ISIC_0033805,0.10761565015885559,0.0023109103,0.003964687,0.017648848,0.0020597656,0.0024260054,0.007516408,0.019682758,0.940677,0.0037136753,1
ISIC_0029553,0.0680109993624279,0.002332405,0.002877728,0.010651647,0.0021485323,0.002353372,0.005353644,0.008257666,0.9617346,0.004290245,0
ISIC_0033786,0.07264027070645693,0.004756188,0.0050229863,0.14679,0.004648458,0.0049715918,0.01998007,0.009417702,0.79117936,0.013233683,0
ISIC_0032345,0.17399265239487494,0.0019812176,0.0139154615,0.5382382,0.0017661464,0.002169877,0.08399053,0.04497313,0.28599557,0.026969844,0
ISIC_0026324,0.10618070276325647,0.00055761327,0.8173834,0.008839012,0.0005479331,0.00053486007,0.012585613,0.01921483,0.0032706857,0.13706607,0
ISIC_0034027,0.1755540513949496,0.0006282604,0.1443802,0.6443508,0.0005718732,0.0006689451,0.0054069837,0.04564752,0.030958677,0.12738669,0
ISIC_0031975,0.2591781362533286,0.000773839,0.41470328,0.35526645,0.0007120324,0.00079567835,0.025499756,0.086701155,0.03799838,0.07754942,0
ISIC_0033889,0.11459766652430209,0.0011171246,0.039403554,0.08336886,0.0010227147,0.0010445773,0.0068970346,0.022011368,0.3008345,0.5443002,0
ISIC_0030607,0.15043430016271742,0.00063107733,0.54343015,0.10941018,0.0006465585,0.0006902681,0.25515938,0.035224464,0.0047385343,0.05006943,0
ISIC_0028646,0.20326081902980028,0.0014281984,0.4835971,0.11579575,0.0013181998,0.0012878943,0.013943456,0.058183372,0.03844978,0.28599632,0
ISIC_0033516,0.07819537257430093,0.0019162715,0.0070634815,0.20132898,0.0015751533,0.0019331629,0.108940616,0.010876852,0.6590081,0.0073574237,0
ISIC_0028505,0.7065352324728392,0.0015265378,0.013865361,0.106654644,0.0016136408,0.0016171526,0.06003226,0.50201935,0.2688066,0.04386446,1
ISIC_0031148,0.21677737713598397,0.0008539663,0.012763808,0.10410807,0.0008065041,0.0008884325,0.46264926,0.06468451,0.34085903,0.012386466,0
ISIC_0030324,0.6065215982246636,0.00079945626,0.1434819,0.32052273,0.0006739326,0.000681126,0.011743606,0.37341613,0.038027607,0.11065352,1
ISIC_0034131,0.396719852702314,0.0015776365,0.0021727323,0.008960521,0.0014640049,0.001371763,0.021749279,0.17567213,0.77686566,0.0101663135,0
ISIC_0032082,0.09346568072982939,0.0033626966,0.012295052,0.062975034,0.0032698426,0.0036418538,0.31894967,0.015234254,0.5637878,0.016483791,0
ISIC_0033766,0.351184287850195,0.0022840195,0.0053503644,0.053798266,0.0021211405,0.002110358,0.035833318,0.14311336,0.73090947,0.024479788,0
ISIC_0034267,0.13473048197385556,0.0011261035,0.0010709519,0.030248517,0.0010960147,0.0011542449,0.04547916,0.02918443,0.8885894,0.0020512051,0
ISIC_0034265,0.22800370250973268,0.0015972214,0.0112902885,0.21657625,0.0016636897,0.0015891098,0.012772276,0.07027441,0.38522375,0.29901305,0
ISIC_0029070,0.21814779638126114,0.00083939044,0.035852503,0.66022277,0.00068895245,0.0007741409,0.013725947,0.06535764,0.019489668,0.20304902,0
ISIC_0028436,0.16777509201374985,0.002039734,0.14933513,0.26683062,0.0019515593,0.0021350242,0.108327866,0.04232216,0.3013495,0.12570854,0
ISIC_0034235,0.232190324959373,0.00014981853,0.00045676064,0.8601025,0.0001456181,0.00015878657,0.001843866,0.07240316,0.05999502,0.004744425,0
ISIC_0025837,0.07391288194657064,0.0011250142,0.018051961,0.031482562,0.0012793955,0.0011204792,0.7511318,0.009745652,0.011302797,0.1747605,0
ISIC_0033618,0.35136270168530204,0.0012957965,0.005686839,0.015488026,0.0011914079,0.001350568,0.13301216,0.1432347,0.6944875,0.0042530117,0
ISIC_0034034,0.5764256267019383,0.0011365898,0.0833755,0.47335836,0.0011181809,0.0013465006,0.003917945,0.33953935,0.085985646,0.010221892,1
ISIC_0030303,0.07254948792693268,0.0008316353,0.011384021,0.9007493,0.00085062656,0.0008687678,0.01022471,0.009394454,0.05930651,0.0063899765,0
ISIC_0030977,0.1900595919222997,0.002994543,0.34586236,0.06962411,0.0028455963,0.003314734,0.039369117,0.052077007,0.36238974,0.121522896,0
ISIC_0032076,0.06379122562666394,0.0003514548,0.0018738766,0.0031253402,0.0004543492,0.00036461346,0.98295623,0.007247074,0.0022304754,0.0013966494,0
ISIC_0033330,0.11951888015729054,0.0017708918,0.016706914,0.06914377,0.0014456492,0.0017817168,0.035794813,0.023703072,0.81705135,0.032601867,0
ISIC_0029826,0.5004592943660674,0.0020452354,0.13575038,0.03475712,0.0017146526,0.0020764126,0.2314441,0.26276222,0.28666362,0.04278627,0
ISIC_0025865,0.10354520656279916,0.004627976,0.030812863,0.29349437,0.005117224,0.006052775,0.101361625,0.018365076,0.47431245,0.06585572,0
ISIC_0026887,0.0951920184372076,0.0015023336,0.04160462,0.12065416,0.0015057035,0.0015775583,0.0703654,0.015756736,0.7382733,0.0087602865,0
ISIC_0033876,0.12334575451609049,0.001666531,0.0053766086,0.10669102,0.0015472929,0.0014643613,0.0054685,0.025046635,0.7321365,0.12060263,0
ISIC_0026993,0.934936305969575,0.0009870221,0.0015798943,0.03770831,0.000894815,0.00090909936,0.008353165,0.89889556,0.04814765,0.0025243785,1
ISIC_0030666,0.17762699229693266,0.0065330453,0.039099168,0.051631104,0.0057802037,0.0069438727,0.34733778,0.046548195,0.47807756,0.018049117,0
ISIC_0034203,0.2112076176427693,0.0033876288,0.043565538,0.018502118,0.0035456724,0.004162735,0.64424586,0.061975207,0.20704989,0.013565353,0
ISIC_0028665,0.19970413697064723,0.0066575455,0.01278391,0.043132365,0.005970725,0.006741988,0.13994625,0.05651446,0.6519762,0.07627659,0
ISIC_0034213,0.05574337276165371,0.0012976129,0.0026785953,0.045759175,0.0012073873,0.0013229495,0.0031386574,0.0054528713,0.92672074,0.012422122,0
ISIC_0033673,0.16863147124341588,0.0015480586,0.009094463,0.057457607,0.0014655202,0.001380213,0.00400852,0.042684007,0.7040615,0.17830002,0
ISIC_0033958,0.6088299001115083,0.0027064055,0.009580198,0.018919472,0.0023763129,0.002791382,0.13910198,0.37610114,0.44369742,0.00472567,0
ISIC_0033532,0.366682180565701,0.0038241227,0.005183376,0.055751275,0.0035645273,0.0033971395,0.012552078,0.15383366,0.75261784,0.0092759235,0
ISIC_0033998,0.05699695156571482,0.002254462,0.003880638,0.18588819,0.0020316157,0.00231741,0.0098350365,0.0057202615,0.7638999,0.02417246,0
ISIC_0027768,0.09057324912837769,0.0013958731,0.0063932813,0.4740749,0.0012931337,0.0016106939,0.017376553,0.014371988,0.45800075,0.025482833,0
ISIC_0031733,0.15112957182169073,0.00081104663,0.00808688,0.023712084,0.00087499944,0.0009365123,0.7020822,0.035500523,0.2175117,0.010484087,0
ISIC_0024885,0.03463933712293248,0.00040043276,0.9388518,0.013081652,0.000402866,0.00037670572,0.013732898,0.0017388407,0.0013015395,0.030113269,0
ISIC_0030473,0.22186295052591612,0.0022599648,0.005133885,0.01023205,0.0022176844,0.0023275018,0.0070652873,0.0671954,0.89893526,0.0046332306,0
ISIC_0030059,0.04156756492911184,0.0009563756,0.005411341,0.3011894,0.00086595846,0.0009790167,0.017456422,0.0027783818,0.6067526,0.06361058,0
ISIC_0034264,0.07137496920284657,0.0037045777,0.0107846735,0.20804988,0.0033283276,0.003950846,0.13332628,0.0090954555,0.6160243,0.011735727,0
ISIC_0033320,0.10623816446795463,0.002602335,0.0020437653,0.009391858,0.0024310437,0.002473998,0.005053428,0.019233497,0.95291674,0.003853388,1
ISIC_0031036,0.07435493824287392,0.0023751145,0.0017848114,0.016337957,0.0022474898,0.002379196,0.007538584,0.009860461,0.95180684,0.0056696325,0
ISIC_0033728,0.8114855506953824,0.0012985364,0.0052035637,0.04610041,0.001295634,0.00137427,0.026823899,0.666911,0.23515664,0.015836058,1
ISIC_0033751,0.05524477538721013,0.0027576226,0.008515156,0.13761175,0.0022054054,0.0023813788,0.15391181,0.005347812,0.24402778,0.44324133,0
ISIC_0033677,0.1477783736804526,0.0029409474,0.007603483,0.19945514,0.0031946474,0.0028473763,0.016509723,0.034176584,0.43433237,0.29893962,0
ISIC_0034277,0.09360918032297684,0.0019728101,0.0119688185,0.38787702,0.0019673004,0.0021799407,0.22321205,0.015277463,0.27548125,0.08006326,0
ISIC_0034199,0.2258513119800657,0.0018671899,0.02009196,0.39360332,0.001786574,0.0018292757,0.0070106573,0.06918932,0.4993691,0.005252587,0
ISIC_0026423,0.09424711040655429,0.002978397,0.0042794505,0.027723128,0.0028489993,0.003119943,0.004060455,0.015470037,0.9322443,0.0072753467,0
ISIC_0027319,0.13652073717036553,0.0024395778,0.047569778,0.17032582,0.0024561146,0.002596989,0.009138818,0.029853836,0.70291966,0.03269938,0
ISIC_0033261,0.39551190375376716,0.0009748409,0.0024108405,0.02260368,0.0008711968,0.00085413357,0.03959709,0.1747663,0.713353,0.04456902,1
ISIC_0028790,0.1281823731486297,0.000845578,0.09515572,0.0050602253,0.00085693056,0.0008145282,0.36811534,0.02677908,0.0042291144,0.49814352,0
ISIC_0027826,0.12669258764479113,0.0032228555,0.0310691,0.22035916,0.0035381976,0.0035347496,0.02431531,0.026241401,0.36777765,0.3199416,0
ISIC_0034059,0.6070544296452994,0.00078217214,0.47428593,0.03204323,0.0005651684,0.00074731035,0.0028546585,0.3740348,0.044129115,0.070557564,1
ISIC_0030582,0.06496177216385222,0.004137034,0.026514435,0.30391175,0.0038596801,0.004298164,0.06802914,0.007522789,0.5286986,0.053028423,0
ISIC_0033466,0.13545141841879718,0.004641587,0.014364257,0.17613249,0.004240478,0.004970087,0.092108704,0.029453397,0.6547066,0.019382497,0
ISIC_0033767,0.08772283535594844,0.0030289933,0.005891149,0.02833343,0.0030683184,0.003379854,0.43245888,0.013538666,0.5051368,0.0051638936,0
ISIC_0033240,0.6551390000562857,0.0006731199,0.0051258877,0.14302938,0.00061115244,0.0007243544,0.05637405,0.4327084,0.35327023,0.007483372,1
ISIC_0032828,0.15718826985429582,0.0014013926,0.0017111674,0.08947315,0.0013621905,0.0015088904,0.022540865,0.037936516,0.8373584,0.0067073144,0
ISIC_0027744,0.10431884218484286,0.00022202333,0.95876884,0.00882325,0.00018398609,0.0002030049,0.0022915145,0.01861321,0.008250138,0.002644044,0
ISIC_0034231,0.08023596682715681,0.0011036879,0.0033817247,0.106692515,0.0011632018,0.00122326,0.009975675,0.011430449,0.4651497,0.39987978,0
ISIC_0033335,0.1126115686598209,0.0044582323,0.007858179,0.102257445,0.003985862,0.004821412,0.05456487,0.021340331,0.7693226,0.031391095,0
ISIC_0030693,0.3211665971157883,0.000888349,0.004779286,0.54025,0.0008881963,0.0010193357,0.0062426715,0.123372115,0.3186501,0.0039100177,0
ISIC_0033907,0.06469461311417683,0.000986246,0.012542943,0.3162518,0.0009970426,0.00095603254,0.12501664,0.0074595446,0.48146948,0.054320194,0
ISIC_0029931,0.2753231034921438,0.0009519538,0.02942253,0.123161234,0.00096440373,0.0008738017,0.07556248,0.09573349,0.03216779,0.64116234,0
ISIC_0032441,0.4756791287531395,0.0024022965,0.13587134,0.30841103,0.0021293762,0.002065034,0.11299095,0.24020922,0.1190979,0.076822914,1
ISIC_0033803,0.09388260764437434,0.00032944817,0.015391356,0.018338133,0.00043225018,0.00038126472,0.9442658,0.015359906,0.00062271743,0.0048792334,0
ISIC_0033192,0.5147955251736905,0.001337243,0.0019358657,0.009597463,0.0013242774,0.0013077605,0.002493535,0.2763481,0.70295537,0.0027004492,1
ISIC_0031618,0.1451396892238739,0.0028262928,0.08256406,0.17438456,0.0027480747,0.002845097,0.07442492,0.03314602,0.43695098,0.19011007,0
ISIC_0030371,0.09197100551049023,0.0031626148,0.0056734066,0.057887185,0.0029627606,0.0033876847,0.110056,0.014786603,0.79542416,0.0066596433,0
ISIC_0027265,0.1667810185706547,0.0015373748,0.03992821,0.60332674,0.0014606396,0.001647842,0.021472188,0.041903455,0.26128706,0.027436525,0
ISIC_0033921,0.11899972913616427,0.0014494244,0.004164876,0.020607004,0.0014536054,0.0015932536,0.009521182,0.023522682,0.9342642,0.003423965,0
ISIC_0033842,0.06725550222934136,0.000876752,0.0023430577,0.11490865,0.0008117651,0.0009668902,0.7332508,0.008073378,0.13618727,0.002581424,0
ISIC_0028413,0.140119862819277,0.0038574666,0.2561406,0.21491098,0.0038861376,0.0044821217,0.097505994,0.0312147,0.115614556,0.2723875,0
ISIC_0029824,0.059449006064945124,0.00051238417,0.05495755,0.0062141614,0.0004806028,0.00042975703,0.0033914957,0.0062564495,0.006131097,0.92162657,0
ISIC_0033944,0.13349811405487663,0.002899064,0.00925899,0.10420348,0.0025205843,0.0029165824,0.09628752,0.028726548,0.7406537,0.01253357,0
ISIC_0033231,0.06295335604564786,0.003203585,0.0037905995,0.02585197,0.0030616187,0.0033504802,0.03570781,0.0070519443,0.91188145,0.0061006155,0
ISIC_0027961,0.0664978002977196,0.011897187,0.006388026,0.03115787,0.01128765,0.010284698,0.010863914,0.007890005,0.89188254,0.018348245,0
ISIC_0034087,0.25634192990890803,0.0019521,0.037684634,0.042612817,0.0018737052,0.0019252619,0.07516132,0.085151576,0.74451053,0.00912805,1
ISIC_0034079,0.14523618022569862,0.0030851054,0.0058691124,0.11717882,0.0028152864,0.0031572604,0.05069979,0.03318352,0.77254856,0.011462562,0
ISIC_0031598,0.211457052598268,0.003603691,0.0034004718,0.023556804,0.0035333675,0.0037079703,0.104814045,0.06209563,0.784142,0.01114602,1
ISIC_0026395,0.08737797403179415,0.0016104333,0.05689786,0.20345823,0.0014231297,0.0016003344,0.020951904,0.013438969,0.56753886,0.13308038,0
ISIC_0033832,0.07922815402836031,0.00081053236,0.0022768602,0.30885857,0.00078323804,0.0008808798,0.0043139993,0.011155882,0.6664861,0.0044340612,0
ISIC_0033973,0.21314957321538253,0.0021590735,0.03453608,0.43272486,0.0020316069,0.0021031068,0.0161471,0.062915005,0.39143893,0.055944204,0
ISIC_0034255,0.2689905537794488,0.0029326961,0.10657702,0.04156595,0.002663274,0.0027218761,0.03875978,0.09214776,0.6682558,0.044375792,0
ISIC_0026086,0.8375247503790849,0.0016726836,0.026832605,0.03713642,0.0012540565,0.0014182784,0.10480674,0.7128778,0.06291775,0.05108368,1
ISIC_0029455,0.1781393786698502,0.0030839336,0.28257754,0.3339692,0.0030557562,0.003103232,0.07554966,0.04677176,0.02501722,0.22687161,0
ISIC_0031613,0.11812786342804646,0.001722776,0.005065991,0.07174861,0.0015723984,0.001732936,0.007312804,0.023220751,0.87428725,0.013336482,0
ISIC_0032970,0.9125601054619403,0.0007375726,0.010390933,0.062731154,0.0006700268,0.00073967065,0.013212566,0.8550129,0.051593807,0.0049112896,1
ISIC_0029102,0.3061655214975634,0.00062096206,0.048787378,0.7513795,0.0005876259,0.00065871875,0.009547772,0.1139995,0.04164682,0.032771762,0
ISIC_0034210,0.06269505939905803,0.0027301356,0.0026181813,0.09253674,0.0025518488,0.002541756,0.0041816244,0.0069921683,0.877086,0.008761606,0
ISIC_0033457,0.15229419126153051,0.0009097146,0.002200377,0.40447208,0.00088710274,0.0009138525,0.02656707,0.035964552,0.50481766,0.023267632,0
ISIC_0028890,0.16558687535239913,0.001766442,0.3040499,0.14184882,0.0016970469,0.0017788643,0.025066465,0.041402362,0.31729874,0.16509132,0
ISIC_0033597,0.05606733069157635,0.0015231135,0.01013417,0.11106115,0.0012498995,0.0013858976,0.016659569,0.0055215284,0.4726722,0.37979257,0
ISIC_0034197,0.26085767352815264,0.00030455051,0.057393443,0.41512042,0.00024746865,0.00028561984,0.0032660651,0.087624,0.0022771766,0.4334812,0
ISIC_0027427,0.1282734316354027,0.0018479879,0.08613059,0.062213417,0.0018351655,0.002184002,0.6406478,0.02681206,0.0988639,0.07946517,0
ISIC_0032315,0.11496926539296959,0.004702944,0.014570813,0.15112858,0.0040393034,0.005154899,0.24117576,0.022137672,0.52671546,0.030374471,0
ISIC_0030271,0.1966050236247358,0.0010530755,0.31806535,0.033570178,0.0010596287,0.001126916,0.403838,0.0550745,0.022121547,0.16409075,0
ISIC_0033301,0.2926413288009274,0.00076584396,0.2593077,0.30521318,0.0006890154,0.00084659905,0.13693294,0.105825126,0.16244955,0.027970036,0
ISIC_0029000,0.42808391513175126,0.0033476853,0.0022848889,0.019374803,0.003045009,0.0033278055,0.019642131,0.20002834,0.743316,0.005633402,1
ISIC_0034242,0.5715685204532349,0.0016279387,0.0019791,0.0049890387,0.0014389663,0.0014362735,0.0040589804,0.33426437,0.64634705,0.0038581982,1
ISIC_0032443,0.10417547673011258,0.0027496852,0.0025032754,0.015352574,0.0027799404,0.0028996677,0.02188694,0.018567145,0.9225876,0.010673064,0
ISIC_0033851,0.20531700553853888,0.0029589909,0.004972153,0.055090286,0.0029434199,0.0028823575,0.00670406,0.059156157,0.8444633,0.020829327,0
ISIC_0033931,0.7707369077989054,0.0015989594,0.048080828,0.10213508,0.0012505166,0.0014005979,0.020640792,0.5990166,0.033109847,0.19276677,1
ISIC_0034041,0.4433130224301037,0.0021342228,0.0013493294,0.049221896,0.0018818266,0.0022564693,0.011482223,0.21245138,0.7158764,0.0033463184,0
ISIC_0033636,0.728214577325796,0.0017508756,0.13881789,0.1526094,0.0014006989,0.0018352136,0.011252494,0.53343725,0.013070946,0.14582525,1
ISIC_0033255,0.10728113689053403,0.0009276533,0.0029542346,0.020245291,0.0009378761,0.0010931451,0.0039229267,0.019573346,0.9477529,0.0025928526,0
ISIC_0032410,0.15956179869226317,0.0022424217,0.16806573,0.07431044,0.002215588,0.0019680008,0.60585254,0.038905576,0.0616838,0.044755764,0
ISIC_0032029,0.4454834470240498,0.0046214717,0.018543268,0.11439221,0.0044414634,0.0050463784,0.13325799,0.21425453,0.47419962,0.031243086,0
ISIC_0032379,0.11621906112152214,0.0014252056,0.08808412,0.14373754,0.0014136545,0.0015396464,0.62423474,0.0225642,0.10597602,0.01102498,0
ISIC_0027087,0.3060741097495319,0.003917593,0.0058771153,0.021738194,0.00373797,0.0036870264,0.035035532,0.113943376,0.6549832,0.15708013,0
ISIC_0029899,0.06042587665878274,0.00041729645,0.96223825,0.0035415092,0.0003958429,0.00039030635,0.0031259817,0.0064748027,0.0018032705,0.021612618,0
ISIC_0028477,0.08015132088295662,0.002794255,0.007031262,0.21760778,0.0025087632,0.0029366217,0.20308833,0.011407302,0.5401138,0.012511857,0
ISIC_0033838,0.05592820683931832,0.0018588047,0.0015650502,0.0069502676,0.0017122364,0.0018240104,0.006634768,0.0054920055,0.9706794,0.0032835712,0
ISIC_0033947,0.08667006934747636,6.4167194e-05,0.0029501107,0.96173334,6.8477406e-05,7.275023e-05,0.0004232834,0.013235087,0.017429313,0.0040234993,1
ISIC_0032079,0.2610754774838361,0.00059087726,0.63882846,0.012982148,0.00054364896,0.00057705666,0.0036624935,0.08774396,0.042627547,0.2124439,1
ISIC_0030119,0.33834025311720595,0.0007996186,0.28039297,0.02512377,0.00088334596,0.0007412741,0.43083087,0.13450335,0.0047392584,0.12198557,1
ISIC_0031080,0.0851479807948107,0.0042607835,0.02449091,0.24081123,0.003966941,0.0045217355,0.10477086,0.012800239,0.5854205,0.018956836,0
ISIC_0033266,0.2592122306247733,0.0023784451,0.020045724,0.33601126,0.002417214,0.0026403395,0.010850417,0.08671985,0.5213218,0.017615026,0
ISIC_0033648,0.1262151244546462,0.0006990991,0.031788513,0.04919989,0.0006235439,0.00077640405,0.63308775,0.026069839,0.25385955,0.0038955063,0
ISIC_0034096,0.133028862591503,0.003246106,0.089399606,0.060530454,0.0031488251,0.003586106,0.14105725,0.028552828,0.52005744,0.15042143,0
ISIC_0029235,0.1839386034912285,0.00032489942,0.007074432,0.8028149,0.0003277112,0.0003462765,0.00777162,0.049327888,0.029949516,0.10206264,0
ISIC_0033594,0.6912366503067859,0.003328009,0.025433917,0.10254407,0.0029305103,0.0034221911,0.03262612,0.48064175,0.33645862,0.012614774,1
ISIC_0033256,0.10994573552133666,0.003605629,0.009097929,0.03935309,0.0032652372,0.002949948,0.44883105,0.020450389,0.0964629,0.3759839,0
ISIC_0026458,0.8510532011368108,0.0024760764,0.11559526,0.0040629394,0.002194409,0.0022818444,0.0019584377,0.737523,0.12520458,0.008703452,1
ISIC_0034245,0.743706758357478,0.000672914,0.0141322985,0.0049910843,0.0006630531,0.00067672523,0.004518656,0.55671495,0.41478226,0.0028483116,0
ISIC_0033541,0.10158421939242154,0.0020331154,0.003418692,0.0066393586,0.0019702709,0.002098752,0.007657232,0.017741026,0.95437205,0.0040693893,0
ISIC_0033323,0.6062035553268116,0.0015883197,0.036634143,0.2840595,0.0014684838,0.001681371,0.023663975,0.37304717,0.23159304,0.046264127,1
ISIC_0025958,0.592275286929614,0.0029738515,0.03718859,0.015820343,0.0026652562,0.002662586,0.03744838,0.35712102,0.22678952,0.3173304,0
ISIC_0027608,0.3432555212278581,0.0006192207,0.34656224,0.3801754,0.00051356154,0.0006017675,0.072951615,0.13776922,0.015509593,0.045297425,0
ISIC_0029187,0.08644320763330675,0.004412791,0.023237102,0.18837692,0.0043010972,0.005025621,0.23187207,0.0131699685,0.50765675,0.021947753,0
ISIC_0024981,0.11650168194084967,0.0010969988,0.0043919506,0.2644445,0.001008168,0.0012844919,0.013206854,0.022661021,0.6896371,0.0022688198,0
ISIC_0030760,0.40582790222823834,0.0017300782,0.0053733704,0.09494237,0.0015439814,0.0020021691,0.0116873635,0.18257819,0.6934344,0.006708119,1
ISIC_0033607,0.1457997523765305,0.0026580077,0.009448169,0.21499904,0.0026729319,0.002755774,0.0079049235,0.033402827,0.7107417,0.015416685,1
ISIC_0032940,0.8762775366296575,0.00034301015,0.007897485,0.1335076,0.00030000016,0.00032917218,0.04482305,0.7847577,0.013379528,0.014662558,1
ISIC_0029232,0.07048149923823169,0.000616022,0.0073959925,0.8723507,0.0006491025,0.00065359357,0.009599655,0.008870231,0.037629064,0.06223576,0
ISIC_0034256,0.3770682507936634,0.0010009173,0.17157596,0.041863456,0.00089032354,0.0009595202,0.4179255,0.16122442,0.16831385,0.0362461,1
ISIC_0033916,0.09610165215188629,0.002646282,0.016601944,0.1253516,0.0026842076,0.0029479896,0.15344177,0.016034365,0.66298896,0.017302906,0
ISIC_0030223,0.6637623657059971,0.00097089465,0.018813599,0.281517,0.0008614195,0.00089823914,0.0057449513,0.44384623,0.1145915,0.13275623,1
ISIC_0030126,0.14078340435392706,0.0011422344,0.0053086644,0.16826072,0.0009963668,0.001116879,0.033574786,0.031467777,0.29568717,0.46244532,0
ISIC_0024572,0.10484160445218689,0.0007968179,0.3185298,0.0057684532,0.0007768664,0.00080075674,0.64028,0.018781496,0.009640407,0.0046253153,0
ISIC_0026574,0.3338805004517869,0.0008159618,0.45547104,0.05658073,0.00081667316,0.0007863127,0.10244085,0.13157111,0.019332191,0.23218505,0
ISIC_0028735,0.07202748110504445,0.0056353803,0.07211715,0.32657894,0.006372103,0.0063627386,0.30573496,0.009261158,0.15595588,0.11198175,0
ISIC_0033995,0.8333311617183277,0.0026410064,0.044086307,0.03129247,0.00220108,0.002187378,0.031659298,0.70534223,0.1586428,0.021947369,1
ISIC_0031023,0.9416761426874765,0.00044566064,0.0062717893,0.006652207,0.0004064308,0.00045676014,0.032238204,0.9120181,0.039991688,0.0015191229,1
ISIC_0032468,0.08371385876627056,0.0019345287,0.11246487,0.017082214,0.0018546627,0.0019157965,0.14721398,0.012394973,0.0037429591,0.7013961,0
ISIC_0033745,0.07535395653309108,0.00019793281,0.03318805,0.006928064,0.00022383915,0.00020647603,0.9441609,0.010121599,0.0031841118,0.0017890291,0
ISIC_0034229,0.08815834952540882,0.0018108826,0.0068822876,0.11530664,0.0018414243,0.0018548699,0.011464566,0.013664919,0.8208866,0.026287884,0
ISIC_0028014,0.20963289344156322,0.0011336574,0.019086014,0.12285405,0.0010161205,0.001164077,0.2986675,0.061216928,0.49080142,0.0040603536,0
ISIC_0032046,0.18608178177804954,0.0024679434,0.40471992,0.1382435,0.0022835415,0.0024788987,0.03451639,0.050284494,0.32308736,0.041917924,1
ISIC_0031904,0.2699352158147801,0.0017741083,0.0047759824,0.034112673,0.0017601987,0.001874132,0.008579829,0.092679136,0.78216535,0.07227878,0
ISIC_0031430,0.24121186520403498,0.0041116155,0.15437756,0.0893754,0.003543832,0.0032548269,0.09279119,0.07707174,0.11815678,0.45731702,0
ISIC_0033911,0.33476972150020395,0.0022336051,0.0065996344,0.06834583,0.0018987585,0.0019621593,0.09782138,0.13215342,0.19349973,0.4954856,1
ISIC_0032385,0.3595054645320764,0.0008232274,0.2756814,0.2363048,0.00066942646,0.00077394414,0.008874455,0.14882386,0.26027602,0.06777276,0
ISIC_0030956,0.07759037726357923,0.00017919828,0.0014070122,0.0026138655,0.00018944427,0.00020104146,0.9383523,0.010714508,0.04511523,0.0012272446,0
ISIC_0034090,0.1564337853542475,0.0018800264,0.46533075,0.13744904,0.0017708907,0.0018835124,0.15382746,0.037630208,0.07688515,0.123343065,0
ISIC_0032658,0.08605586997225766,0.0028607708,0.032506984,0.23142128,0.0029003674,0.0032610719,0.2380657,0.013059034,0.0874555,0.3884692,0
ISIC_0029562,0.08481566685778691,0.0041226433,0.02703094,0.16342919,0.0040655946,0.004237113,0.43926865,0.0127059445,0.28786963,0.057270344,1
ISIC_0030585,0.1298574382659458,0.0012884518,0.077200286,0.3176684,0.0013109162,0.001481335,0.02306803,0.027387893,0.4870184,0.063576244,0
ISIC_0033885,0.9739786389138855,0.000393372,0.002950325,0.012613821,0.00043519778,0.00046801247,0.0031771164,0.97163993,0.0065379664,0.00178425,1
ISIC_0033590,0.08264566472784261,0.0020992975,0.025664506,0.098634295,0.002041713,0.0021251389,0.43108103,0.012095954,0.15345214,0.2728059,0
ISIC_0030014,0.18132401508428406,0.0007452026,0.011577665,0.27226064,0.0007782608,0.00086281216,0.5255208,0.048169594,0.13080142,0.009283673,1
ISIC_0025038,0.09580443841520776,0.0011128761,0.03742021,0.4342474,0.0010025128,0.0012423157,0.031695362,0.015943477,0.018033085,0.45930266,0
ISIC_0034065,0.24438671869563905,0.0028948418,0.0058749923,0.023140704,0.0026403104,0.003055154,0.07117553,0.078741185,0.80555004,0.006927257,1
ISIC_0033246,0.2536022945503705,0.0013005736,0.00549202,0.5033735,0.0012546167,0.0012093681,0.136613,0.08366526,0.07613625,0.1909555,0
ISIC_0031013,0.34843503956048,0.00020674714,0.009137302,0.78590834,0.00021631799,0.00023590132,0.003011335,0.14124964,0.055902768,0.004131729,1
ISIC_0033286,0.8586477818237749,0.00087633537,0.025990842,0.17982037,0.00087253976,0.0010034883,0.0019307632,0.75157565,0.028289748,0.009640315,1
ISIC_0034194,0.11427897389407426,0.0023717866,0.026499728,0.08639165,0.0028676826,0.0027917146,0.73065466,0.021903235,0.11576799,0.010751528,0
ISIC_0033328,0.09949261791987425,0.0008758209,0.019636929,0.64813757,0.0010453634,0.0010718246,0.0040196325,0.017083257,0.3032552,0.0048743905,0
ISIC_0031159,0.22185069386544518,0.0017279076,0.009314776,0.5313666,0.0015118822,0.0015768352,0.020994304,0.067189306,0.28951913,0.076799266,0
ISIC_0029755,0.1352094751542629,0.0019250446,0.6402221,0.029126052,0.0017268223,0.0017814925,0.0069436952,0.029363042,0.12297443,0.16593742,0
ISIC_0034208,0.5201182163749707,0.000998082,0.111191235,0.28836986,0.0009672584,0.0010132174,0.010041686,0.28149542,0.1177141,0.18820913,1
ISIC_0028489,0.3661442189243985,0.004309763,0.012753856,0.18490492,0.0039058093,0.0043096985,0.025263274,0.15345539,0.60198814,0.009109119,1
ISIC_0029576,0.1991912667434038,0.0014411485,0.011487548,0.7428111,0.00120967,0.0014212357,0.04596012,0.056275245,0.12762192,0.011772195,0
ISIC_0026275,0.20585623355911367,0.0032716969,0.31258148,0.1563584,0.0033668657,0.0032931005,0.19884901,0.05941223,0.0384459,0.22442134,0
ISIC_0034107,0.2665388970908451,0.0021897843,0.009897035,0.07334315,0.0021494885,0.0023454486,0.008928196,0.090774454,0.7844496,0.025922729,1
ISIC_0033110,0.09658551996983204,0.00082696247,0.00053086266,0.007325556,0.00080187543,0.0007483312,0.0012419608,0.016182695,0.9656434,0.006698437,0
ISIC_0030155,0.05640637881444898,0.0013920049,0.0046265903,0.57250386,0.0013682932,0.0014442968,0.046749722,0.0055937157,0.34816346,0.018158128,0
ISIC_0033904,0.14984570097682717,0.0013680523,0.040439982,0.18907927,0.0012644932,0.0014238209,0.33290648,0.034991324,0.389326,0.00920061,0
ISIC_0030589,0.13909602266410095,0.00087425875,0.06142902,0.105382495,0.0008700763,0.0009985362,0.45509392,0.030825535,0.33285567,0.011670501,0
ISIC_0025851,0.42819072854692247,0.0038117561,0.012944465,0.2634772,0.0035882462,0.0035347354,0.10002482,0.20011409,0.24287377,0.16963087,0
ISIC_0033460,0.1755426660913858,0.0012646898,0.11115618,0.07978925,0.0011566059,0.001111654,0.030494545,0.04564259,0.01609804,0.71328634,0
ISIC_0030829,0.06552802329863545,0.0022453093,0.007127244,0.30078503,0.0022958715,0.002709038,0.052236196,0.007657452,0.6135835,0.011360321,0
ISIC_0029422,0.3634149009504037,0.0039897985,0.03434158,0.10848557,0.0038399834,0.004129276,0.011566048,0.15154311,0.6391512,0.042953435,0
ISIC_0033450,0.0999464116769934,0.00022200575,0.010725075,0.0033861604,0.00021294573,0.00019199532,0.95766515,0.017225273,0.007711779,0.0026597222,0
ISIC_0026084,0.18762310735231477,0.0010718339,0.6252494,0.0836273,0.0010276559,0.001259439,0.008064162,0.050976437,0.028803727,0.19992007,0
ISIC_0025541,0.07922132619652819,0.0017659626,0.014283112,0.034107786,0.0018311918,0.0019399613,0.46125847,0.0111540295,0.46240368,0.011255891,0
ISIC_0031622,0.5363377405134124,0.0021468562,0.013729102,0.012333631,0.0022218626,0.0023465657,0.10340215,0.29753304,0.5560731,0.0102137085,0
ISIC_0033340,0.24581264386139395,0.0031091925,0.004934277,0.084075294,0.0029389723,0.002923208,0.0059965667,0.079495475,0.69374084,0.122786164,0
ISIC_0034236,0.3407334397707776,0.0034410898,0.0077740536,0.21551998,0.003055134,0.0034059107,0.0398122,0.13608898,0.4632245,0.12767822,1
ISIC_0027735,0.08171170512606955,0.0002122772,0.0020889777,0.9269147,0.00020603398,0.00023635376,0.01646456,0.011836519,0.035814412,0.006225956,0
ISIC_0033553,0.07822584980784028,0.0006923141,0.005442319,0.48695874,0.00073821185,0.00073162705,0.41570136,0.010885052,0.061840396,0.017009987,0
ISIC_0032179,0.4261442534544727,0.0023202817,0.012370408,0.16493581,0.002095453,0.0021835417,0.081513435,0.19847454,0.5265581,0.009548447,0
ISIC_0034257,0.3053130800623459,0.0028040705,0.1767714,0.025400845,0.0025014337,0.0027076772,0.05413389,0.11347659,0.52653515,0.09566893,0
ISIC_0030165,0.4978313083897946,0.0036620852,0.019285886,0.13469642,0.0033064664,0.003725156,0.01409843,0.26031515,0.54991883,0.010991501,1
ISIC_0028884,0.05926721981775725,0.0018031271,0.15255076,0.35595644,0.0016999763,0.0019781508,0.3276357,0.006216111,0.058725387,0.09343438,0
ISIC_0030800,0.1516368405313898,0.0018398246,0.5036262,0.006791523,0.0018243907,0.0016451763,0.11808192,0.03570239,0.008481356,0.32200724,0
ISIC_0027679,0.08965808824421319,0.0029412576,0.08796256,0.14855902,0.0026614505,0.0030165077,0.39258355,0.014102645,0.17452689,0.17364617,0
ISIC_0033119,0.08490943569762432,0.00048783617,0.002619615,0.5904926,0.0004899864,0.00048517107,0.050650537,0.012732528,0.18940572,0.15263604,0
ISIC_0028079,0.3241069660413133,0.0012982504,0.43148604,0.1113976,0.0012653036,0.0014137023,0.02243582,0.12524734,0.035698734,0.26975715,0
ISIC_0033534,0.1995755932672927,0.0005099727,0.006375936,0.011068738,0.00046511248,0.0004986726,0.8986828,0.05645447,0.014023445,0.011920819,1
ISIC_0030358,0.16284104627190926,0.0013813827,0.22863154,0.35117245,0.0012682904,0.0014502326,0.06911654,0.040257957,0.21749671,0.08922487,0
ISIC_0033988,0.17468132402838935,0.0033359912,0.0063473918,0.10756641,0.0032442368,0.003141403,0.0055801584,0.04527015,0.8174782,0.008036164,0
ISIC_0032395,0.18574809860795233,0.0009358392,0.63283604,0.2132623,0.0008136954,0.00094812544,0.032197095,0.050135132,0.017406745,0.051465105,0
ISIC_0032806,0.6286216412390256,0.00031386534,0.0052188924,0.42518684,0.0003007332,0.00035924878,0.0022946587,0.39964667,0.1415249,0.025154281,1
ISIC_0033585,0.48316276341669273,0.00044619344,0.0019560587,0.036024224,0.0004176241,0.0004017801,0.0021803454,0.24689844,0.7006317,0.011043743,0
ISIC_0031395,0.4579278515016432,0.0016713258,0.06677268,0.47791767,0.0015606969,0.0015758431,0.0054930253,0.22475307,0.07876862,0.14148702,0
ISIC_0031442,0.2911290770756447,0.0007454445,0.46278986,0.021056099,0.0007221254,0.0007165327,0.25603113,0.10492716,0.14274995,0.010261714,0
ISIC_0033565,0.06343490153868986,6.995967e-05,0.0003179514,0.00076841464,8.2791405e-05,7.0794835e-05,0.99056,0.007163862,0.00068091886,0.00028533986,0
ISIC_0032751,0.5378015229766059,0.0016859953,0.016664445,0.021761388,0.0015664715,0.0015495524,0.0024057257,0.2990069,0.62883365,0.026525868,1
ISIC_0034192,0.2689906872670156,0.00087241473,0.007162146,0.015339914,0.00078556454,0.0008549479,0.008942589,0.092147835,0.8511573,0.022737259,0
ISIC_0034108,0.3099258580217177,0.0016952362,0.037099127,0.08044624,0.0015617482,0.0018844042,0.065906286,0.11631858,0.35093725,0.34415114,0
ISIC_0030114,0.22166426685527732,0.00096659403,0.47273895,0.1516195,0.00095930527,0.00094476726,0.06217573,0.06709664,0.009559377,0.23393917,0
ISIC_0029915,0.0858194140660238,0.0038633428,0.077876486,0.18196324,0.003948961,0.004144201,0.16626863,0.012991466,0.07316702,0.47577658,0
ISIC_0033022,0.08152663801203845,0.00041580605,0.051133182,0.56443894,0.00035809475,0.0003600271,0.0056791613,0.011785335,0.049483936,0.31634554,0
ISIC_0027279,0.054770585365215285,6.0429415e-05,0.0023946436,0.9511072,5.9135386e-05,6.699679e-05,0.0020873935,0.0052485857,0.01738384,0.021591865,0
ISIC_0034150,0.22684787992923028,0.001259837,0.3385621,0.08274,0.001168376,0.0012900126,0.01793543,0.069690935,0.10825139,0.37910187,1
ISIC_0032737,0.07860844513525012,0.0038841479,0.008377804,0.33453646,0.003290549,0.003662051,0.04332651,0.0109881675,0.5803892,0.01154513,0
ISIC_0033642,0.3212437044449466,0.0002095163,0.001074051,0.7046463,0.00016925587,0.00021913134,0.005446084,0.12342113,0.16026008,0.004554499,0
ISIC_0033924,0.2932194466190957,0.0010296168,0.032831084,0.71698135,0.00093817705,0.0011099078,0.024372498,0.10616926,0.089661166,0.026906965,0
ISIC_0031142,0.06263256707264753,0.0019916296,0.35164446,0.19993997,0.0020533374,0.0021849936,0.21088345,0.006977733,0.026323272,0.1980011,0
ISIC_0028791,0.0610773825759795,0.0018883497,0.17587852,0.13582553,0.0017997039,0.0020912236,0.51260376,0.0066219023,0.070699245,0.092591695,0
ISIC_0034314,0.06265487165086916,0.0035776154,0.002868205,0.021899061,0.003645104,0.0038324986,0.02793221,0.006982884,0.9243994,0.0048628976,0
ISIC_0026321,0.10135808301731147,0.000253122,0.39731723,0.0031311796,0.00025554278,0.00022772727,0.57608867,0.017669518,0.0039014388,0.0011555152,0
ISIC_0030064,0.04427901674022239,0.00029607196,0.0022630682,0.003867518,0.0003329818,0.00032833437,0.97961104,0.0032365557,0.008846688,0.0012177051,0
ISIC_0029435,0.11515402933844807,0.002401746,0.0035552986,0.012648723,0.0022543662,0.0026138471,0.20976622,0.02220056,0.73994184,0.0046173064,0
ISIC_0032111,0.17720978981605073,0.00027476778,0.004980721,0.87805456,0.00032622725,0.0002914635,0.02281068,0.046366435,0.03095292,0.015942356,0
ISIC_0032343,0.25205033559685425,0.0019939083,0.23603132,0.1781611,0.0018833987,0.0018364534,0.103987075,0.08282786,0.033851206,0.35942766,0
ISIC_0034252,0.39771961405219863,0.0011022019,0.05041511,0.43912926,0.0010594955,0.0010793615,0.24741368,0.17642362,0.0304654,0.052911967,0
ISIC_0033013,0.13386301855891786,0.0011478782,0.005749514,0.3888015,0.001148329,0.0011078875,0.100218095,0.028861878,0.33423257,0.13873234,0
ISIC_0033347,0.10632643774486417,0.0024118659,0.0035739744,0.07790541,0.00231192,0.002658362,0.21548736,0.019262185,0.6688829,0.0075060586,0
ISIC_0033322,0.14193271908229976,5.409818e-05,0.00079350005,0.93392795,5.2912797e-05,6.827349e-05,0.0012619653,0.03190773,0.0299,0.0020336404,0
ISIC_0029241,0.32073408682081367,0.0006944869,0.19467975,0.41436037,0.0006299433,0.00071681454,0.016233651,0.12309734,0.23987971,0.00970795,1
ISIC_0034253,0.827714805849947,0.0013918062,0.004041317,0.025846953,0.0013623032,0.0014524112,0.0056796563,0.69532895,0.25530788,0.0095889,1
ISIC_0029270,0.1046039514972723,0.0017260242,0.14440353,0.46449977,0.0017202217,0.0016889442,0.2490859,0.01870493,0.06550765,0.052662965,0
ISIC_0033872,0.1332359789008679,0.0008144107,0.0406258,0.007583182,0.00079543254,0.0007603825,0.027372932,0.028629461,0.015881687,0.8775367,1
ISIC_0027284,0.208596823432839,0.002778773,0.0021546425,0.0051670535,0.0024262087,0.0026362033,0.07712744,0.060719885,0.8437397,0.0032501463,0
ISIC_0034244,0.06555132616338807,0.0020144233,0.0032662936,0.11527337,0.0018051922,0.0020747303,0.01006887,0.0076630116,0.8524804,0.005353548,0
ISIC_0032027,0.18076198267856508,0.0030625516,0.047263127,0.06196716,0.0029918584,0.0035325836,0.057446755,0.047921862,0.76618814,0.009625903,0
ISIC_0030429,0.12375480566773388,0.0014955344,0.6734848,0.0038629156,0.00152787,0.0014323378,0.0810166,0.025191678,0.11100342,0.10098477,0
ISIC_0033511,0.1319442883216283,0.0028127169,0.008345703,0.13376747,0.0028441325,0.002818873,0.006873557,0.028152643,0.8055882,0.008796862,0
ISIC_0033987,0.24350821207134746,0.0002171899,0.004486454,0.6536357,0.0001755557,0.00023182466,0.0072598862,0.078277856,0.0639988,0.19171682,0
ISIC_0031404,0.3839248882758113,0.00046124478,0.50378054,0.031527642,0.00047598997,0.00051857374,0.018635888,0.16619587,0.0067397156,0.27166462,0
ISIC_0029571,0.519346783636441,0.0030817646,0.011473737,0.030998161,0.0025759747,0.0028901692,0.02816901,0.2807459,0.62984926,0.010216005,1
ISIC_0029728,0.12893500773377856,0.0011783057,0.36545473,0.06199342,0.0011548055,0.0012835979,0.19570191,0.027052073,0.3252358,0.02094535,0
ISIC_0027903,0.03549381991340663,0.00017124093,0.004839318,0.0012527461,0.00018469605,0.00017972277,0.9897696,0.0018562162,0.00065568957,0.0010908655,0
ISIC_0033855,0.13513197086757855,0.0008091847,0.0022973178,0.5698177,0.00075628905,0.0007924485,0.021994315,0.029334117,0.23602335,0.13817532,0
ISIC_0033972,0.08027470329539395,0.00042372444,0.011278814,0.29744363,0.0004258807,0.0004190344,0.006340237,0.011441047,0.30934972,0.36287788,0
ISIC_0028977,0.10538309135193719,0.000919257,0.0073281177,0.63086385,0.00059045333,0.00067213195,0.016017377,0.018956332,0.075597756,0.24905474,0
ISIC_0033789,0.1332314970520133,0.0016382585,0.02600013,0.05396214,0.0014899228,0.0015738683,0.023408944,0.028627802,0.8258834,0.037415486,0
ISIC_0034134,0.20613577839201344,0.001415689,0.59248984,0.09490764,0.0013301288,0.0013038728,0.054737117,0.05954514,0.14870772,0.04556294,1
ISIC_0032309,0.14931600919799085,0.0029895008,0.07700718,0.024397103,0.0029394815,0.0030460106,0.101833396,0.03478196,0.7299386,0.02306669,0
ISIC_0029427,0.043993136722562005,0.0005492901,0.00296109,0.7617084,0.00049903255,0.0005592311,0.008835463,0.0031869707,0.039918087,0.18178253,0
ISIC_0028214,0.16455991719414834,0.00077443477,0.063845776,0.12833561,0.00065305707,0.00073710183,0.6877641,0.04097307,0.070363216,0.006553553,0
ISIC_0027188,0.06501152692946273,0.0035342418,0.06351069,0.019908888,0.0036753006,0.003697078,0.36223432,0.007534588,0.028053937,0.50785106,0
ISIC_0033269,0.8916570479715962,0.0009690827,0.011407594,0.013177807,0.0008356452,0.0009115779,0.09762208,0.8142719,0.05244289,0.008361325,1
ISIC_0033645,0.1499476899384486,0.0027570024,0.0027211118,0.1317713,0.00247097,0.002609567,0.006566717,0.035031684,0.806982,0.009089647,0
ISIC_0032334,0.1527972502065107,0.0022680552,0.046062622,0.29841033,0.0020061417,0.0022588812,0.09002717,0.036165614,0.30172202,0.22107911,0
ISIC_0026456,0.053613667575131245,0.00024989745,0.47199878,0.005814593,0.00026315774,0.00030544624,0.5140334,0.0050093504,0.00036053042,0.001964981,0
ISIC_0028916,0.6245596240028878,0.0010720683,0.043706853,0.4857057,0.0010737631,0.0011176699,0.009133547,0.39473686,0.05685812,0.006595476,1
ISIC_0032190,0.853736755088265,0.002143289,0.004863935,0.054568507,0.002032629,0.002328192,0.007928433,0.7424711,0.17535838,0.008305534,1
ISIC_0032589,0.11331471685458483,0.0015889984,0.0022228581,0.07221201,0.0015238078,0.0016228283,0.0025454694,0.021577124,0.8918433,0.0048635723,0
ISIC_0028195,0.09214453437787053,0.0032101646,0.120715335,0.46558496,0.0029892544,0.003206021,0.1296956,0.014838348,0.18461232,0.075148046,0
ISIC_0032632,0.08981441719221085,0.0013418099,0.004365995,0.1835847,0.0014354162,0.0014573334,0.17616138,0.014148535,0.28194398,0.3355608,0
ISIC_0032849,0.145955117642744,0.0017747156,0.0026602978,0.5702298,0.0019611146,0.0020350877,0.07254832,0.03346337,0.30166578,0.013661404,0
ISIC_0033043,0.09127215474734,0.0026058846,0.0060010417,0.26716867,0.0023313856,0.0025489742,0.36520272,0.0145788165,0.27543637,0.06412621,0
ISIC_0033290,0.09852272874094763,0.0025381164,0.004505602,0.2734997,0.0025191768,0.0025593464,0.31837606,0.016781025,0.34574735,0.033473644,0
ISIC_0033341,0.10104874870681284,0.0023009279,0.0024165052,0.087585434,0.0020896327,0.0021538408,0.14248139,0.017571855,0.72422236,0.019178126,0
ISIC_0033681,0.1384516045046536,0.0009535692,0.006877895,0.48192334,0.0010244038,0.0010599027,0.015374976,0.03058142,0.20650852,0.25569603,0
ISIC_0033741,0.0727698690277125,0.0009646979,0.0021617252,0.14938702,0.0009313195,0.0011015645,0.037286136,0.009450924,0.71882325,0.07989349,0
ISIC_0034072,0.07015098659754193,0.0013328985,0.03518438,0.16074474,0.0013271755,0.0015667418,0.16928598,0.008787408,0.0073219934,0.6144488,0
ISIC_0034151,0.19651297263387427,0.002259797,0.006266425,0.20747946,0.0021341697,0.002064472,0.13492739,0.055031933,0.33303627,0.25680012,0
ISIC_0034177,0.08598614935554616,0.0026124043,0.0030685456,0.32079777,0.002973773,0.0032898262,0.12890722,0.013039099,0.49862972,0.026681637,0
ISIC_0030171,0.17760311755993988,0.0021167605,0.1874298,0.22868608,0.0019910776,0.0020381433,0.012825094,0.046537787,0.27459043,0.24378486,1
ISIC_0030900,0.19960338890778992,0.0031550534,0.02045662,0.34167632,0.0026519063,0.0032637238,0.11509136,0.05646744,0.4443544,0.012883161,0
ISIC_0026432,0.0776168409187186,0.003075134,0.0068598413,0.10835736,0.0029262563,0.0033506851,0.016407982,0.010721592,0.83278865,0.015512417,0
ISIC_0031428,0.0665794215893835,4.3715845e-05,0.00031673204,0.92924756,4.1052954e-05,4.658145e-05,0.00036583547,0.007909688,0.05815165,0.0038772777,0
ISIC_0033791,0.4800289004830545,0.00015508295,0.0026620643,0.7232353,0.00015512585,0.00019876093,0.0020234876,0.24408458,0.025233148,0.0022523704,0
ISIC_0032273,0.16216084091331,0.004730963,0.0034909812,0.007831622,0.004785501,0.004836572,0.006838436,0.03997615,0.920365,0.0071449615,0
ISIC_0033769,0.06729040068594429,0.0017046387,0.0016489394,0.0074561173,0.0017519485,0.0018087885,0.039638873,0.008081859,0.93514454,0.00276443,0
ISIC_0033177,0.3481016400730638,0.0038175643,0.022395024,0.0075430865,0.003628372,0.003990599,0.011843873,0.1410244,0.8025064,0.0032506753,0
ISIC_0030464,0.0906785387081817,0.0016174885,0.0035016623,0.0027194775,0.0015222625,0.0014804864,0.0052971044,0.014403084,0.9414142,0.028044341,0
ISIC_0031337,0.09422985301773033,0.0028820338,0.027856356,0.04084223,0.0022666873,0.0024424389,0.0065124887,0.015464817,0.89595205,0.005780933,0
ISIC_0033985,0.3209840984491427,0.0008918429,0.0022753996,0.0582531,0.00080444245,0.00086927315,0.007790649,0.12325614,0.8019828,0.0038763818,1
ISIC_0029889,0.026361614459314713,0.0002545661,0.0010973322,0.0024119173,0.0003022349,0.0002986217,0.9921199,0.0007786689,0.0018640229,0.00087279826,0
ISIC_0028500,0.11204145663485338,0.0045018434,0.003992281,0.023940993,0.004164665,0.004727551,0.3208528,0.021148968,0.60089695,0.01577395,0
ISIC_0033939,0.08975927328469474,0.0032684617,0.0123752495,0.17747347,0.003308801,0.003993209,0.1195629,0.014132342,0.65350366,0.012382049,0
ISIC_0033274,0.96280123869308,0.00061307696,0.0012364357,0.007953697,0.0005756521,0.0006612886,0.0017491902,0.9520049,0.03395925,0.0012466006,1
ISIC_0033950,0.06339439411267479,0.0016627376,0.0014323296,0.011411433,0.0015980896,0.001618818,0.0051565804,0.0071544237,0.95732445,0.0126412185,0
ISIC_0027811,0.17437410739851134,0.0031522196,0.08292225,0.25862882,0.0031480992,0.0028863053,0.042528298,0.045137566,0.056376208,0.50522023,0
ISIC_0027444,0.20449893679161743,0.0034417664,0.050793182,0.1215203,0.003697363,0.004352283,0.007912462,0.05876843,0.73366445,0.015849842,0
ISIC_0030766,0.06274446895771159,0.00064727146,0.01146667,0.017903473,0.000660289,0.00067639025,0.70484036,0.007003589,0.25324428,0.0035576962,0
ISIC_0033997,0.08839658716872396,0.0042200615,0.0077482127,0.06033644,0.0042748936,0.004746513,0.118137136,0.013734147,0.700129,0.0866736,0
ISIC_0027549,0.08377624855782251,0.0052155545,0.016428934,0.28569654,0.004361141,0.0050597154,0.042589642,0.012412513,0.5838472,0.04438885,0
ISIC_0028385,0.0716543631060046,0.0029768774,0.0100712385,0.2860205,0.003217027,0.0036104831,0.33761495,0.009166281,0.33271086,0.014611739,0
ISIC_0034135,0.06505187918964439,0.0029560078,0.0070591317,0.040253967,0.0027218524,0.0030392988,0.32296866,0.007544162,0.097813964,0.515643,0
ISIC_0033220,0.13390881481593922,0.0017633239,0.0015828338,0.004926684,0.0016016447,0.0017580598,0.009724803,0.028878877,0.9455361,0.0042277663,0
ISIC_0034317,0.4345354653560563,0.0036578816,0.0037766658,0.0047802688,0.0033199817,0.0035743266,0.013408114,0.20524251,0.7580217,0.004218606,1
ISIC_0033990,0.659062925600084,0.0017598933,0.04804752,0.027646914,0.0017815082,0.0020247584,0.3956516,0.43775257,0.08200725,0.003327947,0
ISIC_0031272,0.18822513283994527,0.00058706076,0.6236655,0.009355608,0.0005948189,0.000620139,0.28693256,0.051247604,0.007952279,0.019044472,0
ISIC_0032482,0.3209745288422456,0.00069581665,0.035891242,0.071454,0.00067179,0.0007729543,0.72687626,0.12325006,0.026602333,0.013785638,0
ISIC_0031518,0.39473504396079223,0.0004570194,0.0064872503,0.53699756,0.00042474954,0.000508435,0.030678382,0.17418498,0.24306631,0.0071952343,0
ISIC_0034139,0.08058450905414538,0.0046723555,0.0022695463,0.01220716,0.0042207227,0.00408942,0.016496373,0.011525926,0.93724424,0.007274225,0
ISIC_0033928,0.11737764730421177,0.0031677976,0.00417095,0.2932942,0.0028700659,0.0031904231,0.009966582,0.022961972,0.62271684,0.0376611,0
ISIC_0029894,0.3081602687225046,0.001577214,0.0097998185,0.2142918,0.0014226779,0.0014754216,0.17838345,0.115227185,0.4020954,0.075727016,0
ISIC_0031322,0.08974416150518517,0.0029108736,0.016104618,0.21725886,0.0025992447,0.0030122353,0.32286027,0.0141279055,0.38891032,0.032215722,0
ISIC_0033787,0.36752635068899786,0.00036855665,0.004644007,0.007138076,0.00034583284,0.0003815818,0.77726346,0.15442814,0.05083955,0.004590779,0
ISIC_0033559,0.44093446673824926,0.0007146164,0.010291253,0.5611534,0.0007252116,0.0007499975,0.0038249863,0.21048474,0.15185493,0.060200818,1
ISIC_0031958,0.640065057822192,0.0009846082,0.26977062,0.18817388,0.0009096903,0.0010209637,0.0030004615,0.41369745,0.10134598,0.021096358,1
ISIC_0034071,0.43577227916483263,0.0017035293,0.02137048,0.28469935,0.0014486343,0.0016678913,0.015993407,0.20625024,0.42700988,0.039856613,1
ISIC_0033469,0.486159888085109,0.000510497,0.010300861,0.29393253,0.0005022054,0.00050486525,0.014781778,0.24960671,0.10884686,0.3210137,1
ISIC_0033722,0.08131859014075586,0.00012957431,0.0012505671,0.8648068,0.000120409604,0.00013161286,0.02067548,0.011727884,0.06784781,0.03330999,0
ISIC_0028423,0.09311623244540422,0.0008009744,0.0075725424,0.10608428,0.00076584565,0.0008620905,0.5929769,0.015129201,0.26524517,0.010563039,0
ISIC_0033295,0.06073344847488645,0.0007249273,0.156013,0.24476741,0.00072463765,0.0006827093,0.047701415,0.0065441015,0.0062764655,0.5365653,0
ISIC_0034120,0.2782041868176169,0.0018310304,0.019519987,0.047342278,0.0016454008,0.0018733203,0.13888678,0.0973833,0.6813664,0.010151531,1
ISIC_0029081,0.2165778384711552,0.0014952067,0.027530074,0.45616388,0.0014919874,0.0016262982,0.0055444273,0.064586714,0.33414117,0.10742018,1
ISIC_0032257,0.20913095809145862,0.003049161,0.018034765,0.01626107,0.0028317103,0.0027676735,0.009617055,0.060975946,0.8707072,0.015755465,0
ISIC_0033011,0.09884278371877722,0.0033198379,0.004148035,0.04917779,0.003074512,0.0031712526,0.047888827,0.016880563,0.7598681,0.112471156,0
ISIC_0034028,0.6223484307643675,0.00040002563,0.0018348576,0.5013794,0.00034777474,0.00046050298,0.002241893,0.3920811,0.096760094,0.0044943686,1
ISIC_0032328,0.10622198395198401,0.0034639419,0.0069717406,0.03612475,0.0033601527,0.003533949,0.262361,0.01922824,0.65798575,0.0069705755,0
ISIC_0028527,0.22825868599410853,0.00084685127,0.0104747545,0.090379655,0.00078160793,0.00078474445,0.13544199,0.070403375,0.13644607,0.5544409,0
ISIC_0034038,0.1444565817111138,0.002299853,0.010663065,0.029040892,0.0022497678,0.0026203564,0.022424767,0.032880943,0.8903872,0.007433252,0
ISIC_0033189,0.133460645138864,0.003208202,0.009308773,0.12831943,0.0030875634,0.0032023273,0.078818195,0.028712664,0.42917028,0.31617257,0
ISIC_0033846,0.20776801462498184,0.0029719565,0.013475967,0.02675637,0.0026905504,0.0031906255,0.12800038,0.060323335,0.7475175,0.015073329,0
ISIC_0034076,0.7433357978290412,0.0022268153,0.014466943,0.0828638,0.00224594,0.002290692,0.004333022,0.5561494,0.23967393,0.09574946,1
ISIC_0033795,0.4837975590251775,0.0014656739,0.004507167,0.093191616,0.0014206549,0.0013880865,0.0043034013,0.24747065,0.6227861,0.023466742,0
ISIC_0031557,0.8870511844732091,0.0017531371,0.010877102,0.032674506,0.0016067913,0.0017742937,0.0064040655,0.8053838,0.05439168,0.08513465,1
ISIC_0030521,0.0445571821060841,0.00038835857,0.0013105422,0.02861845,0.00040289844,0.0003604104,0.94144106,0.0032850862,0.014690827,0.009502504,1
ISIC_0034296,0.06023318487084813,8.9929476e-05,0.034422103,0.9438786,8.348305e-05,8.389313e-05,0.0033877508,0.006431521,0.008942465,0.0026802155,0
ISIC_0033798,0.25333615029468814,0.0016345246,0.006573268,0.08910898,0.0018208061,0.0016971081,0.005416596,0.08352142,0.78063154,0.029595742,0
ISIC_0033344,0.17807962707719827,0.0014152476,0.05604747,0.25116515,0.0013023713,0.0014604846,0.08277898,0.04674567,0.36045584,0.19862881,1
ISIC_0030015,0.027556530309817678,0.00033068116,0.009683054,0.0008629362,0.0003527727,0.0002873321,0.01185858,0.0008962165,0.00093677314,0.9747915,0
ISIC_0034289,0.10500270530267561,0.0015012977,0.0014715805,0.015257068,0.0013859087,0.0015324927,0.04824374,0.018833457,0.90465873,0.007115888,1
ISIC_0030010,0.06756981826909697,0.001387841,0.21420638,0.004792282,0.0012919933,0.0016284653,0.7503625,0.008149874,0.011223377,0.006957203,0
ISIC_0033493,0.10935282479053723,0.0017846291,0.34082878,0.24173844,0.0018981406,0.0020827425,0.17884657,0.020254148,0.0965889,0.11597773,0
ISIC_0030336,0.06249988722955779,0.0027295786,0.0038496635,0.1688039,0.0027069289,0.0031012725,0.010849086,0.0069471197,0.7885365,0.012475929,0
ISIC_0030410,0.061794175531331076,0.0011361155,0.0046084756,0.27893236,0.0010897496,0.0012225375,0.03662115,0.0067850896,0.64190096,0.027703589,0
ISIC_0030299,0.14886596609285166,0.0028597028,0.0065138303,0.12803565,0.0025962042,0.0029623578,0.043527257,0.034604408,0.77006936,0.008831309,0
ISIC_0027402,0.1926780130178127,0.0015757391,0.0060943463,0.035659157,0.0014646911,0.0017044774,0.013689301,0.053268977,0.8813209,0.005222387,1
ISIC_0032304,0.5116341744357327,0.0021034284,0.021462858,0.3024895,0.0017960183,0.0018621756,0.10401719,0.27331755,0.2826366,0.010314696,0
ISIC_0034247,0.13301095398622573,0.0005917011,0.0006066851,0.03524525,0.0006144483,0.0006402988,0.006677968,0.028546205,0.9259252,0.0011523938,0
ISIC_0031971,0.2279671305500954,0.0012244344,0.6471693,0.03508235,0.00112407,0.0010443889,0.0650861,0.07025592,0.018535929,0.1604776,0
ISIC_0033569,0.9343934173964419,0.00067233015,0.0307013,0.0037877418,0.00054018846,0.00061021274,0.0044412203,0.8978348,0.058440655,0.0029716145,1
ISIC_0034109,0.13896624059832874,0.002510011,0.0021965757,0.0032935676,0.002305797,0.002385249,0.0046646222,0.03077632,0.9453166,0.0065513225,0
ISIC_0034160,0.11646298184018249,0.0016207818,0.029072827,0.15589105,0.0015262433,0.0016843915,0.6956877,0.022647755,0.047448285,0.04442098,0
ISIC_0030698,0.034910281630684714,0.0004984823,0.0022202355,0.86346304,0.0004699979,0.00049333874,0.040697075,0.0017757126,0.08403882,0.0063433745,0
ISIC_0026177,0.0937561344745933,0.0011338381,0.002951702,0.06614431,0.0010655982,0.0011761922,0.009045458,0.015321754,0.9014203,0.001740767,0
ISIC_0034123,0.4499842376732112,0.00077568775,0.46014062,0.1644266,0.000727754,0.00082928874,0.11685224,0.21801999,0.027903536,0.010324354,0
ISIC_0026660,0.07132847251838371,0.0027116013,0.0545683,0.13686977,0.0027012255,0.0031039172,0.6318907,0.009083687,0.14506224,0.014008695,0
ISIC_0032018,0.17465712806590525,0.0015222611,0.016513018,0.3973092,0.001248797,0.0015391333,0.08426007,0.045259703,0.22329715,0.22905062,0
ISIC_0027645,0.0960146561043624,0.0013984331,0.13204475,0.07582552,0.0014313953,0.0017581884,0.5231532,0.016007744,0.23227552,0.01610523,0
ISIC_0034008,0.11946374582639478,0.0029159465,0.008794427,0.034408808,0.0030346273,0.0034390725,0.40408698,0.023683893,0.51397514,0.005661113,0
ISIC_0033849,0.2600352270239557,0.0008991031,0.003097819,0.051674623,0.0007747658,0.0008142939,0.017894214,0.08717161,0.378833,0.45884058,0
ISIC_0028163,0.03664613007824003,0.00042973863,0.0033743833,0.00185973,0.00049707596,0.00038420223,0.9875922,0.002019502,0.00198965,0.0018535072,0
ISIC_0032191,0.07971366944063125,0.0012335671,0.12334775,0.16194195,0.0013271676,0.0011823118,0.54727316,0.011287875,0.015230775,0.13717538,0
ISIC_0033478,0.4728984845506969,0.0021140657,0.2520465,0.10215875,0.0020353715,0.002189777,0.049571093,0.23775016,0.08629096,0.26584327,0
ISIC_0034043,0.19747159001935619,0.0018919883,0.005960991,0.1521493,0.0016592809,0.0017524736,0.08921573,0.0554758,0.4856113,0.20628321,0
ISIC_0034127,0.4308568761915235,0.0010459035,0.0025226374,0.022023402,0.001098589,0.0011074995,0.16092514,0.20226076,0.5995127,0.009503364,0
ISIC_0027086,0.053796505088226164,0.0020353578,0.011517072,0.6021412,0.0018484704,0.002108974,0.1814488,0.0050468873,0.18586387,0.007989361,0
ISIC_0033365,0.08660869310463094,0.0013583767,0.002886569,0.047415707,0.0011568067,0.0012130644,0.0040020947,0.013217459,0.92101926,0.007730768,0
ISIC_0029884,0.6906378863072152,0.001544905,0.33526173,0.08081751,0.001318412,0.001402805,0.003460461,0.47981817,0.082223624,0.01415244,1
ISIC_0034016,0.07674807366288547,0.0033811317,0.002504643,0.013072552,0.0032211558,0.0032357227,0.0075533884,0.0104898615,0.95167744,0.004864127,0
ISIC_0033982,0.11022136155777826,0.0033906258,0.00388918,0.01731052,0.0031636755,0.003423551,0.011084928,0.020541826,0.93106794,0.006127851,0
ISIC_0033882,0.04907947425634886,0.0014213849,0.0038853597,0.16057466,0.0013163014,0.0014234976,0.0085797645,0.004112098,0.62798584,0.19070116,0
ISIC_0031595,0.3448053719324374,0.0031965494,0.0150467055,0.007167457,0.0031453955,0.0036225636,0.0142179625,0.13880645,0.8100525,0.004744406,0
ISIC_0032182,0.14110607673204462,0.00039849422,0.48156914,0.009175808,0.00045559966,0.00041550235,0.47256708,0.03159109,0.0003985114,0.0034287262,1
ISIC_0031945,0.24092816073176232,0.00084017555,0.15878882,0.52735895,0.0007290909,0.00078486186,0.03727022,0.07692323,0.022710416,0.17459427,0
ISIC_0033910,0.2089503548137959,0.0028871514,0.08711675,0.3146586,0.002654286,0.0028585708,0.17079154,0.060889322,0.24270849,0.11543522,0
ISIC_0033482,0.40235580772741597,0.0014547395,0.15725572,0.22179173,0.001401518,0.0015385052,0.010934167,0.17992963,0.063749254,0.36194476,0
ISIC_0034268,0.21155639166347703,0.0013676028,0.15344992,0.1340161,0.0012026982,0.001345051,0.042818934,0.062143613,0.5964601,0.007196075,0
ISIC_0033199,0.08795724960559015,0.0017850952,0.0138675645,0.32809114,0.0017281728,0.0017911633,0.19787581,0.013606573,0.11347771,0.32777673,0
ISIC_0033816,0.5166522526005969,0.0017192549,0.0060311477,0.07984046,0.001759257,0.0017711355,0.0077410983,0.27813724,0.5955282,0.027472273,0
ISIC_0029630,0.5022152691506901,0.0009759548,0.5150432,0.13870858,0.0006879344,0.00084058533,0.00423241,0.26440474,0.018967532,0.05613914,1
ISIC_0032734,0.11706746018703337,0.0040548104,0.0025407553,0.02151254,0.0041422504,0.004086153,0.0056259106,0.022855254,0.91804945,0.01713284,0
ISIC_0031158,0.252171614294653,0.005299924,0.013554237,0.025950124,0.0047727795,0.005632588,0.36575183,0.08289318,0.38176528,0.11438014,0
ISIC_0029986,0.8704988807089898,0.0007655101,0.016168432,0.07084586,0.0007403687,0.00083454786,0.017735083,0.773799,0.11228695,0.006824204,0
ISIC_0031259,0.0764927622695602,0.0020963328,0.0030986872,0.13443136,0.001995807,0.0021690752,0.07718465,0.010422087,0.7547292,0.01387277,0
ISIC_0031499,0.7764556125409634,0.0015737519,0.027163649,0.10665077,0.0013732968,0.0014493511,0.0027560794,0.6082448,0.24327026,0.00751806,1
ISIC_0029794,0.1060195265471093,0.0064734393,0.06454816,0.12516588,0.006838021,0.0075766738,0.18903649,0.019162502,0.2849317,0.29626724,0
ISIC_0030432,0.8033373919561332,0.0015606674,0.01526372,0.0041318755,0.001367735,0.001423914,0.004752585,0.6529371,0.3044648,0.0140977595,0
ISIC_0029653,0.06061175571113735,0.0036669702,0.0073611783,0.3689783,0.003526313,0.0037054408,0.1123317,0.0065166517,0.47474915,0.019164333,0
ISIC_0032098,0.06467965038154194,0.0021264467,0.006453395,0.08674088,0.0019137192,0.0020322402,0.8573389,0.007456008,0.022622962,0.013315439,1
ISIC_0027031,0.12391338631613419,0.0048962883,0.007940825,0.058897234,0.004653226,0.0052597,0.25017968,0.025247982,0.63393277,0.008992187,0
ISIC_0029254,0.060772814908471,0.0024429073,0.06731358,0.5638785,0.0023710784,0.0027908094,0.034670696,0.00655299,0.033249877,0.28672963,0
ISIC_0027210,0.023560059738882037,0.00013248785,0.0005181785,0.0008114258,0.00014161234,0.00012468662,0.9964408,0.00053341826,0.00096714374,0.00033017964,0
ISIC_0024400,0.4910126347288992,0.0018447643,0.007497051,0.31960058,0.0018415608,0.0019697377,0.040736236,0.25402763,0.23443535,0.13804714,1
ISIC_0025339,0.2961839728949194,0.0012106271,0.11232113,0.29672006,0.0011253989,0.0012334548,0.22043803,0.10794135,0.03330861,0.22570132,0
ISIC_0029592,0.05894741190847987,0.0014956936,0.016663164,0.11831289,0.001549681,0.0016492413,0.07037425,0.0061453716,0.07438133,0.7094284,0
ISIC_0034005,0.082138837100212,0.0039059506,0.04994863,0.08258455,0.00403346,0.0038545236,0.16947518,0.011954934,0.025434783,0.6488079,1
ISIC_0033374,0.1218188801423069,0.0026280086,0.009843844,0.005008198,0.0023591858,0.0024614676,0.017764062,0.024507662,0.92141247,0.014015148,0
ISIC_0028309,0.41263920834928125,0.000811898,0.05494542,0.5632619,0.0008108302,0.00091168267,0.0050836406,0.18783131,0.1713525,0.014990685,0
ISIC_0032886,0.10562453968861456,0.0024923675,0.015148695,0.099528894,0.0026225047,0.0027886098,0.50454676,0.019034462,0.33763632,0.016201297,0
ISIC_0033501,0.10814460674576788,0.0048733274,0.010055481,0.22786954,0.0045677223,0.004740263,0.33029148,0.019856175,0.32450908,0.07323702,0
ISIC_0030778,0.18710006088783812,0.0012620443,0.3815787,0.09444066,0.0010277539,0.0013471458,0.42010078,0.050741255,0.021078845,0.028422901,0
ISIC_0033252,0.04462574149505694,0.002684932,0.006205995,0.034875292,0.0026289418,0.0026966962,0.89949197,0.0032970903,0.029019734,0.019099334,0
ISIC_0033279,0.31785618285782774,0.0020937,0.009607499,0.017423464,0.0019008339,0.0018851489,0.019323004,0.1212759,0.7793258,0.04716459,1
ISIC_0032400,0.4880807243615245,0.0010481166,0.012299899,0.04644935,0.0010829463,0.0011400087,0.6117497,0.2513513,0.061227053,0.013651705,1
ISIC_0030546,0.30194947007968465,0.0015202167,0.277783,0.11295215,0.0014412615,0.0014793656,0.25888756,0.111423366,0.17848448,0.056028593,0
ISIC_0033937,0.1947546623083479,0.0022945246,0.0017323717,0.03913409,0.0020726554,0.0021586032,0.03955379,0.054221094,0.8441891,0.014643728,0
ISIC_0030859,0.10324576456981294,0.0015536187,0.009974274,0.16175705,0.0015312413,0.001826384,0.027992342,0.018269327,0.76632893,0.0107669905,0
ISIC_0033538,0.5229510608472455,0.0011621083,0.39221537,0.013445549,0.0009733624,0.0010241454,0.004380367,0.28425804,0.05804903,0.24449208,1
ISIC_0027049,0.10989708682828467,0.0030879432,0.0503155,0.13427258,0.0030280866,0.0034779,0.04762821,0.020434264,0.5952796,0.14247602,0
ISIC_0031977,0.3973629877696592,0.003497193,0.004474874,0.034600075,0.003218006,0.002826372,0.023722185,0.17615537,0.5570723,0.1944337,1
ISIC_0029193,0.05077224698975749,0.00019913942,0.95292675,0.014460782,0.00018648506,0.00020642954,0.021341046,0.0044393847,0.0014593748,0.004780635,0
ISIC_0031674,0.37890659272635796,0.00036977927,0.053765137,0.26155493,0.00033287043,0.0003969919,0.31437588,0.16255008,0.2023999,0.0042545614,0
ISIC_0024457,0.08893328159929925,0.0003570423,0.94742966,0.030781088,0.00025106917,0.00032411984,0.0032263098,0.013890526,0.00095610274,0.0027840708,0
ISIC_0033991,0.033973551983383345,0.00022583622,0.0017703122,0.0012393062,0.00024406302,0.000246572,0.9921346,0.0016496176,0.0017435706,0.0007459534,0
ISIC_0031863,0.13987418603197424,0.0006182166,0.0013847662,0.110228874,0.00062410365,0.00060316984,0.003658858,0.03112117,0.821515,0.0302458,0
ISIC_0028831,0.3276357871230058,0.0028102854,0.006954673,0.028147036,0.0025205342,0.0028465483,0.050680537,0.12751447,0.77266264,0.00586316,0
ISIC_0033475,0.11458924111096208,0.0020408523,0.011252011,0.14820734,0.0019131824,0.0021420275,0.057496894,0.022008507,0.74030465,0.014634465,0
ISIC_0031769,0.09858977962596663,0.0030728013,0.10953529,0.24792276,0.0029317504,0.0031281603,0.05686557,0.016801862,0.524903,0.0348388,0
ISIC_0033207,0.09793714112865803,0.007027842,0.008931726,0.15408817,0.006586378,0.0076177507,0.27027288,0.016599407,0.48917952,0.039696313,0
ISIC_0033637,0.09991499935428147,0.0017110443,0.031886715,0.13528046,0.0015987024,0.001472787,0.43770882,0.01721543,0.21357632,0.15954976,0
ISIC_0030586,0.1428003007048587,0.0011804014,0.35548073,0.20044687,0.0010693091,0.0011838777,0.04291993,0.032241177,0.018244404,0.34723338,0
ISIC_0032910,0.17821315331016407,0.0013035065,0.39541146,0.3427461,0.0011721071,0.0014014549,0.06768787,0.04680398,0.09467551,0.048797976,0
ISIC_0033242,0.261042894327289,0.0018592974,0.043733206,0.04736363,0.0018113671,0.0017374872,0.32792714,0.08772601,0.4070077,0.08083421,0
ISIC_0033953,0.4423637472749738,0.0017037375,0.002711152,0.3574024,0.0015017352,0.0015719712,0.009822091,0.21166532,0.39582404,0.017797599,1
ISIC_0031270,0.025449109278768617,0.00021898233,0.0014125619,0.0052934284,0.00023846507,0.00025611665,0.9889725,0.00069403945,0.0017572107,0.001156793,0
ISIC_0027387,0.6202810905740177,0.0015465425,0.0055867806,0.003908116,0.0014000225,0.0015117544,0.0064775045,0.38960886,0.58241934,0.007541086,1
ISIC_0031118,0.191242643393174,0.0008167745,0.1161656,0.4291465,0.00083856966,0.0009325558,0.0055339257,0.05261438,0.3808845,0.013067256,1
ISIC_0032450,0.7052099716142536,0.0010456885,0.045476627,0.031510305,0.00090258423,0.00095643563,0.3682556,0.5001418,0.02632075,0.025390184,1
ISIC_0031602,0.5656457627689333,0.0030270999,0.02382355,0.31801227,0.0027016622,0.0028689122,0.014975262,0.32790253,0.092877835,0.2138109,0
ISIC_0027462,0.4166310323538627,0.0022903131,0.0087819835,0.017469108,0.0021302735,0.002414801,0.18329571,0.19094554,0.5852552,0.007417033,0
ISIC_0026670,0.6341747398971843,0.0025172662,0.00677154,0.009236513,0.0025139656,0.0024886949,0.0152346445,0.40642443,0.53393155,0.020881508,0
ISIC_0032656,0.03866056474193001,6.2540836e-05,0.0026540835,0.00037253593,7.1643146e-05,7.5258984e-05,0.99404174,0.0023183473,0.00017190554,0.00023199967,1
ISIC_0033888,0.15374659411668185,0.0011073046,0.014269212,0.56080073,0.0013461473,0.0012492307,0.0041344576,0.03654607,0.35566404,0.024882745,0
ISIC_0028287,0.13449195014793514,0.0019888205,0.0038706423,0.008807954,0.0017648435,0.0020243034,0.14847316,0.029095618,0.8009531,0.0030215152,0
ISIC_0031829,0.27796199893662865,0.002804581,0.0029521955,0.103365935,0.0024534534,0.002887569,0.099965766,0.09724417,0.6815025,0.006823778,0
ISIC_0034011,0.16256641444036807,9.910192e-05,0.0062381728,0.9350773,9.9688164e-05,0.00012691498,0.0023770134,0.040144097,0.006975647,0.008862209,0
ISIC_0033349,0.027479480544961965,7.202365e-05,0.000725519,0.00032605274,7.79927e-05,7.79617e-05,0.99706537,0.00088841043,0.0004063601,0.00036025568,0
ISIC_0030019,0.10847901374983347,0.0049082963,0.0069265286,0.03829525,0.0046695727,0.005657995,0.098762386,0.019966066,0.80890465,0.01190926,0
ISIC_0031281,0.20117594770776234,0.0017326981,0.020681731,0.09184382,0.0015571214,0.0016738076,0.09727279,0.057202965,0.64358807,0.08444696,0
ISIC_0024967,0.8891844437516547,0.0008068325,0.002249495,0.06843448,0.0007526304,0.0007378343,0.061371375,0.80949557,0.048576802,0.0075749913,1
ISIC_0033992,0.2419848404377045,0.00218265,0.01349082,0.33170623,0.0018681986,0.0019451472,0.10040112,0.077476926,0.4619084,0.009020586,0
ISIC_0024943,0.1022733802248788,0.0011072985,0.03256647,0.2450866,0.0011745868,0.0011873695,0.027531475,0.017959533,0.05306917,0.62031746,0
ISIC_0029515,0.1902549402372319,0.0003678555,0.8345904,0.023274468,0.00035741102,0.00033562238,0.07844295,0.052165605,0.002667942,0.007797852,0
ISIC_0032363,0.5505161469002152,0.0013196984,0.17884694,0.008433764,0.0011544435,0.0011659486,0.024607657,0.31199715,0.46865603,0.00381859,0
ISIC_0034099,0.13910302469791244,0.0024076544,0.039131787,0.040638104,0.0022644491,0.0022098895,0.01673597,0.030828191,0.36634192,0.4994421,0
ISIC_0032384,0.07413495994201186,0.0017137704,0.5935331,0.0127943205,0.0015483006,0.0016437318,0.050404258,0.009803272,0.0046204864,0.32393888,0
ISIC_0031691,0.32241093459757497,0.0014661414,0.030125557,0.35432613,0.0012839132,0.0012282452,0.23474644,0.12416416,0.20118628,0.0514731,0
ISIC_0031719,0.09914661790085524,0.0022088992,0.003012335,0.036035676,0.0020396116,0.0019230888,0.85388845,0.016975235,0.065496854,0.018419815,0
ISIC_0034092,0.9244900800448972,0.00077546603,0.046707734,0.0055093607,0.00068204454,0.000807337,0.0011898185,0.8784279,0.05309669,0.012803539,1
ISIC_0028851,0.07104289199007773,0.0034045826,0.002153127,0.009838733,0.0031145012,0.0033617455,0.017962603,0.00901152,0.93691653,0.014236579,0
ISIC_0034294,0.8553617433705502,0.00111868,0.0034011358,0.05190074,0.0010655895,0.0011837905,0.0071513765,0.74547666,0.1845995,0.004102438,1
ISIC_0029947,0.1831315518959262,0.0018991778,0.19867949,0.33520377,0.0018187513,0.0019028056,0.08070155,0.04896933,0.07574542,0.25507978,0
ISIC_0031002,0.12534481034371417,0.0031686004,0.04920166,0.021346657,0.0030057721,0.0032621627,0.073841386,0.02575807,0.25266412,0.5677516,0
ISIC_0033794,0.1827609888180312,0.0037304286,0.0085423775,0.34627753,0.0035421476,0.0037817662,0.008263298,0.048805002,0.46145058,0.11560682,0
ISIC_0029786,0.15624746990495164,0.0009825683,0.005158209,0.011519842,0.0008918457,0.00079601764,0.0058898204,0.037554696,0.49221134,0.44499564,0
ISIC_0031209,0.1296901666392401,0.0028446333,0.016698735,0.16876557,0.0025732089,0.0026656534,0.040586736,0.027326895,0.5712373,0.16730128,0
ISIC_0025035,0.4884548419218378,0.001174103,0.031345572,0.2924241,0.001090086,0.0012679005,0.006173396,0.2516919,0.40442893,0.010404008,1
ISIC_0034180,0.4416976077748686,0.0012651192,0.016436964,0.11627632,0.0012414133,0.001318016,0.004269277,0.21111465,0.5443265,0.10375172,1
ISIC_0029555,0.194594093975696,0.0009183981,0.015379654,0.571985,0.0008738435,0.0009781899,0.06783756,0.054147262,0.23839247,0.049487695,0
ISIC_0034214,0.07064400112625495,0.00017578519,0.11033564,0.002704696,0.00016611145,0.00017990213,0.85943186,0.00891105,0.0012333577,0.01686153,0
ISIC_0032842,0.2169320106185657,0.0022356717,0.059839834,0.25720477,0.002276593,0.0024883288,0.03837167,0.064760335,0.50135076,0.07147201,0
ISIC_0027757,0.06760511967250502,0.0020140202,0.0047596893,0.01167087,0.0019708711,0.0022334333,0.7355253,0.008158481,0.22860062,0.005066617,0
ISIC_0034085,0.8379179274904176,0.0011994689,0.0020496543,0.010271226,0.0010108993,0.0011433221,0.024099391,0.71358687,0.2293682,0.017271014,1
ISIC_0028399,0.12934285007349092,0.0034435168,0.13280824,0.13988811,0.003325494,0.003973525,0.29590225,0.027200384,0.31864586,0.074812554,0
ISIC_0030664,0.08551783408382804,0.0015776446,0.00399834,0.055596787,0.0016035534,0.001930185,0.2745318,0.012905458,0.63965535,0.008200838,0
ISIC_0034311,0.32680390296745493,0.0017120751,0.02873285,0.049762737,0.0015505194,0.0015454184,0.013067499,0.12697838,0.63372576,0.14292485,0
ISIC_0029147,0.056554241874899415,0.0014574582,0.0964113,0.0954247,0.0015328703,0.0014614309,0.06789666,0.0056253034,0.012665808,0.71752447,0
ISIC_0032362,0.08667815890084357,0.0019409469,0.020287098,0.018862396,0.0018377717,0.0022087605,0.03608414,0.013237411,0.8990664,0.006475055,0
ISIC_0031501,0.10174956222371076,0.0022783414,0.026605714,0.030513525,0.0022906316,0.0025297662,0.029329142,0.01779337,0.87310773,0.015551693,0
ISIC_0031513,0.07109540943620317,0.003320187,0.045990217,0.12723628,0.0031049964,0.0034375694,0.142957,0.0090247765,0.2959724,0.36895657,0
ISIC_0033965,0.36697213863405176,0.0034036224,0.19204073,0.015751705,0.002994462,0.0031992064,0.013681153,0.15403773,0.5850715,0.02981981,0
ISIC_0033268,0.19692152765498452,0.0019134075,0.024933472,0.061915554,0.0018514863,0.0019608398,0.0052599446,0.05522095,0.77091706,0.07602727,1
ISIC_0029547,0.11649914125261102,0.0011353669,0.6219273,0.06951181,0.0009664707,0.0009820511,0.009960678,0.02266015,0.013347955,0.25950834,1
ISIC_0033433,0.10632186636474043,0.00082221127,0.0037303697,0.23835929,0.00077972485,0.00076271786,0.15828834,0.019260699,0.54964656,0.0283501,0
ISIC_0029913,0.0810550994341657,0.00072574004,0.0030977905,0.008931539,0.0008437902,0.0008975753,0.8601471,0.011655258,0.110858105,0.0028429998,1
ISIC_0034130,0.4043005583012073,0.0039196643,0.004574908,0.031674083,0.0041310745,0.003566249,0.08882086,0.18141069,0.67088753,0.011014875,0
ISIC_0027151,0.07331362170922483,0.0012720323,0.015381302,0.04859554,0.0011887206,0.0013354461,0.61993754,0.009590747,0.2736361,0.029062612,0
ISIC_0033272,0.15703890514156854,0.00013065529,0.0034371,0.88203555,0.00011881173,0.00013433558,0.006657866,0.03787581,0.021001242,0.048608597,1
ISIC_0033436,0.07054554884690646,0.0031458715,0.05473257,0.2430244,0.0030409324,0.0036871922,0.2691941,0.008886312,0.3261162,0.08817248,0
ISIC_0032055,0.17840293561594178,0.0016976064,0.0014403806,0.013077569,0.0015805152,0.0016709463,0.0059051863,0.0468869,0.9239566,0.0037842754,0
ISIC_0032738,0.1604914293467185,0.0021050852,0.010862008,0.07586918,0.002037375,0.0020356504,0.006807697,0.03928737,0.50499594,0.35599986,0
ISIC_0027432,0.08724246401869211,0.0013381474,0.07712748,0.22321346,0.0013297786,0.0015349243,0.15005428,0.013399861,0.515862,0.01614001,0
ISIC_0027898,0.1865870862192683,0.0017216258,0.07738195,0.032586798,0.0016881408,0.0017852178,0.049034666,0.050510973,0.7700012,0.015289572,0
ISIC_0031524,0.10310368401328113,0.0012019739,0.006187965,0.12819003,0.001190195,0.0012719925,0.06955076,0.018223953,0.7518646,0.022318406,0
ISIC_0031326,0.09984388098616939,0.0005736297,0.07897877,0.27738684,0.00060402293,0.0006984272,0.005786717,0.017193152,0.0841504,0.5346281,0
ISIC_0032962,0.08890002214161051,0.0013462581,0.010220675,0.06626386,0.0012516445,0.0012818313,0.02232904,0.013880818,0.8615331,0.02189277,0
ISIC_0031545,0.7484563392186787,0.0010107964,0.011124203,0.012805454,0.0007971862,0.0010841946,0.28709593,0.5639916,0.119271874,0.0028187335,1
ISIC_0033362,0.6276498949415938,0.0028605058,0.004911233,0.028672615,0.0027634974,0.0028555589,0.0047264025,0.39846843,0.55181426,0.0029274977,1
ISIC_0027143,0.07403233601518835,0.0037594324,0.0041619907,0.03088281,0.003626745,0.0041671945,0.0124578765,0.009776631,0.92700094,0.0041665826,0
ISIC_0028029,0.4695231228816766,0.001538089,0.011792231,0.47951657,0.0013324757,0.0015654877,0.07547927,0.23478423,0.18284424,0.011147463,1
ISIC_0032870,0.18851114248035053,0.0010734344,0.29574507,0.08619878,0.00091017596,0.00096360716,0.034694932,0.051376607,0.017145377,0.511892,1
ISIC_0032850,0.11868106751475364,0.0030465487,0.63694465,0.020968566,0.0029445088,0.0029292896,0.0241496,0.02341218,0.08946671,0.19613783,0
ISIC_0028509,0.0704334029842935,0.004275673,0.022756336,0.07443365,0.0044473745,0.0050957385,0.46160164,0.008858162,0.39440295,0.024128435,0
ISIC_0030672,0.1547636417878544,0.0020534643,0.011963921,0.2642134,0.0021008472,0.0019779345,0.009137505,0.03695514,0.45400396,0.21759379,0
ISIC_0033236,0.29574567641916966,0.0016982595,0.25833318,0.12661164,0.0016276034,0.0018067969,0.0070177116,0.10767857,0.4883255,0.0069007613,0
ISIC_0028747,0.05014822949308625,0.00018402477,0.9893203,0.002704334,0.00014842664,0.00014871934,0.0008718447,0.004317648,0.0006436634,0.0016611362,0
ISIC_0033933,0.29283800864180276,0.001573381,0.003749926,0.0026950564,0.0014893943,0.0016470043,0.016950836,0.10594215,0.86296695,0.0029853038,0
ISIC_0034283,0.16813831161428522,0.00046597025,0.023549972,0.75934315,0.0003928408,0.00043180012,0.08088694,0.042475503,0.028002208,0.064451605,0
ISIC_0031380,0.19563379157765978,0.00020885773,0.0015366947,0.023066388,0.00022018822,0.00022272537,0.8941388,0.054625966,0.025000224,0.0009802122,0
ISIC_0033934,0.42563579027887977,0.00079729187,0.0028664782,0.40301394,0.00074817584,0.0007500325,0.0072689685,0.19806828,0.30981144,0.07667547,0
ISIC_0029179,0.21463502198993162,0.005981677,0.003312238,0.016133351,0.0054971087,0.005133958,0.0036501852,0.06363737,0.89122725,0.0054268497,0
ISIC_0033417,0.09476104753466673,0.0038861074,0.006517363,0.015820825,0.0038237944,0.004095563,0.074517205,0.015625758,0.8581535,0.017559886,0
ISIC_0028412,0.9418956086472712,0.00071952847,0.023917174,0.02622648,0.00064306794,0.0006933311,0.006917952,0.91244364,0.021305105,0.0071337284,1
ISIC_0030640,0.11054745075881396,0.001649851,0.01678722,0.17121854,0.0015307517,0.001743909,0.11419739,0.020650176,0.6537546,0.018467555,0
ISIC_0027709,0.14755754417422867,0.0013212927,0.03096043,0.22855186,0.0013724094,0.0014057899,0.009389206,0.034089934,0.6676282,0.025280971,0
ISIC_0031218,0.15537823831852934,0.002492749,0.18157141,0.12626223,0.0025053953,0.0028123152,0.18341823,0.03720308,0.02006138,0.4436732,0
ISIC_0033614,0.09395574849615417,0.0014773156,0.0043778657,0.0102974335,0.0013412838,0.0016417041,0.77639145,0.015381984,0.18255751,0.006533518,0
ISIC_0034299,0.1159651669055361,0.0032864974,0.6154066,0.035105724,0.0028280017,0.003174333,0.03252777,0.022477336,0.11515819,0.17003562,0
ISIC_0026912,0.3126811107085168,0.0023370392,0.044925954,0.36163843,0.002024035,0.0021599566,0.050101694,0.11803066,0.04740415,0.37137803,0
ISIC_0033758,0.2825414545931085,0.00041248716,0.017008618,0.1271973,0.0003780134,0.00037301643,0.71349496,0.09988878,0.034082796,0.0071639544,0
ISIC_0033946,0.7072642699082752,0.001458798,0.0040706317,0.037029352,0.0014621156,0.0016006358,0.006820598,0.5030543,0.44077593,0.0037276715,1
ISIC_0033128,0.21733680048673545,0.0047409604,0.006195271,0.027513793,0.004421092,0.0046197334,0.0059183924,0.06495898,0.87454885,0.0070830286,0
ISIC_0031202,0.6999256195201133,0.0059503107,0.0063278,0.04444259,0.004909076,0.0052561737,0.010268291,0.4927039,0.42582694,0.0043148543,0
ISIC_0026803,0.10881991137049156,0.0016433044,0.015490706,0.5996164,0.0015598795,0.001708478,0.02991723,0.020078294,0.046541244,0.2834445,0
ISIC_0025869,0.29235727346135415,0.0014254383,0.0936439,0.014100271,0.001396153,0.0013286542,0.013882778,0.10565621,0.46077442,0.3077921,0
ISIC_0034198,0.35005678631066267,0.0025577461,0.0017896498,0.024228847,0.0024820638,0.0025946745,0.051674146,0.14234765,0.7685935,0.0037316603,0
ISIC_0024869,0.2175903496266321,0.004420407,0.07490993,0.17178743,0.0040344214,0.0042764554,0.021208242,0.06508352,0.3930169,0.26126269,0
ISIC_0032616,0.09855275812252627,0.0027015475,0.009806772,0.061501022,0.0024940583,0.0029987982,0.40609142,0.016790356,0.48569438,0.011921602,0
ISIC_0029778,0.20319812743593185,0.0018736785,0.10802563,0.5232683,0.0018044861,0.001920136,0.038019,0.058153804,0.16724356,0.09969144,0
ISIC_0033410,0.09225557908573395,0.001049167,0.7379312,0.0722313,0.0010216678,0.0010332441,0.14464293,0.014871492,0.01714638,0.01007261,0
ISIC_0027174,0.09532925629914869,0.001978461,0.010782758,0.06823086,0.0018695642,0.0020668895,0.021631597,0.01579852,0.8680153,0.009626138,1
ISIC_0033891,0.03941099218964922,0.00042057462,0.00280898,0.013630176,0.00050285866,0.00049873296,0.12250028,0.0024339105,0.007672327,0.8495321,0
ISIC_0034003,0.27573929052339163,0.0008367635,0.009239306,0.12743843,0.00087857776,0.0006921684,0.0044957525,0.0959711,0.06472167,0.69572634,0
ISIC_0029687,0.13000969366455178,0.0040742145,0.114328444,0.34643716,0.003938672,0.004405718,0.015437721,0.027443454,0.36901072,0.11492392,0
ISIC_0033018,0.055884174907083084,0.0031632972,0.0031800908,0.17222595,0.0028893466,0.0033644605,0.01595041,0.0054826736,0.7864794,0.0072643333,0
ISIC_0031372,0.11134809641518184,0.0031779078,0.10970092,0.38155788,0.003294712,0.003401958,0.10419037,0.020916997,0.14332297,0.23043631,0
ISIC_0031890,0.49734097121702664,0.0015562809,0.17346661,0.056714863,0.0014953971,0.0014833332,0.011402245,0.25986004,0.067195065,0.42682624,1
ISIC_0027458,0.06271522086341508,0.0023788242,0.0026719046,0.057364147,0.002112271,0.0022462767,0.014546262,0.0069968277,0.9040724,0.0076110275,0
ISIC_0031887,0.07828064475967814,0.0040654256,0.01117025,0.19399424,0.0036112443,0.0041136136,0.26151225,0.0108998,0.48798272,0.02265047,0
ISIC_0034280,0.05068861328052314,7.693778e-05,0.0016748429,0.8921177,5.0325772e-05,6.631809e-05,0.0007290342,0.004422996,0.003791285,0.097070344,0
ISIC_0031762,0.04461189186651297,0.00015873631,0.96901923,0.003680626,0.00017461268,0.00016472106,0.01242049,0.003294664,0.00041860007,0.010668342,0
ISIC_0033951,0.17182288041350754,0.0027786053,0.0027623286,0.010693047,0.0024999555,0.0026073584,0.0034334247,0.044041734,0.92846453,0.0027190358,0
ISIC_0032020,0.25180252979584233,0.0052413857,0.006176986,0.10794293,0.0049735913,0.00525308,0.073203824,0.082694456,0.70289606,0.011617576,0
ISIC_0033989,0.05806868247301516,0.0009840805,0.00086986163,0.020194193,0.00095548166,0.00095669815,0.0075020343,0.0059524975,0.94528526,0.017299894,0
ISIC_0027012,0.13755284169435011,0.004731354,0.06334301,0.22876239,0.0044580763,0.0051063895,0.28592095,0.03024203,0.3442624,0.03317351,0
ISIC_0028457,0.05716124002013923,0.00071975304,0.82091206,0.010989867,0.00076671503,0.00070974807,0.0936461,0.0057556457,0.0021249605,0.064375155,0
ISIC_0032475,0.24179314708634142,0.003990931,0.009161894,0.07798309,0.0034927826,0.0042907675,0.050248582,0.077376366,0.7487475,0.024708135,0
ISIC_0033971,0.13070903277334917,0.0036708978,0.004450702,0.037878457,0.003699806,0.0040065586,0.11093234,0.027699132,0.8021448,0.005517292,0
ISIC_0032214,0.34333746386642516,0.0014815548,0.0065041943,0.17231174,0.0018839514,0.0017387037,0.14250231,0.13782397,0.5306443,0.0051092166,1
ISIC_0032578,0.05605040024227579,0.0040290733,0.0044897646,0.0722683,0.0037529522,0.0040794467,0.033039328,0.0055179326,0.863118,0.009705268,0
ISIC_0034298,0.08122212047323304,0.00091001,0.015415917,0.48245475,0.0008664978,0.00094636896,0.014329572,0.0117012765,0.46524653,0.0081291115,0
ISIC_0030063,0.07419840284059781,0.0022484064,0.12490638,0.07780157,0.002240814,0.0026239243,0.677768,0.009819754,0.083978824,0.018612286,0
ISIC_0026869,0.12405991897338052,0.0015868054,0.06916513,0.04285563,0.0014254601,0.0015688969,0.76609313,0.025300045,0.08385494,0.008150017,0
ISIC_0033483,0.4967716288569052,0.00052531523,0.6536836,0.0047817673,0.00042566043,0.0004949627,0.0030575094,0.25933218,0.07515773,0.00254132,0
ISIC_0034292,0.05443086667373844,0.0022871941,0.0025693295,0.055389624,0.0020680025,0.0023132565,0.0075418553,0.0051779146,0.9034635,0.019189369,0
ISIC_0029296,0.10170422129212653,0.0025926435,0.015578172,0.06294473,0.002674268,0.0029007334,0.6368467,0.017779011,0.2406791,0.01800462,0
ISIC_0033040,0.056145417743905114,0.00231194,0.0045680986,0.2821506,0.0024491434,0.0026203766,0.008144557,0.005538124,0.6534204,0.03879676,0
ISIC_0032942,0.1618768564294365,0.0010374651,0.001737448,0.0024688405,0.00093106803,0.0010803909,0.0077787186,0.039858695,0.94295055,0.0021566849,0
ISIC_0031750,0.11864089930016117,0.0029224658,0.004628887,0.025294015,0.0026947986,0.0033100054,0.04380197,0.023398263,0.88653326,0.007416375,0
ISIC_0033215,0.031850407713305565,0.00015789097,0.0032509067,0.004501562,0.00016695804,0.00016556782,0.9771032,0.0013785135,0.008795704,0.004479825,0
ISIC_0028180,0.07519115811488764,0.0040496523,0.021185502,0.454475,0.0043042055,0.004705374,0.09635828,0.0100788865,0.2044086,0.20043455,0
ISIC_0033726,0.07083014653725155,0.0018427576,0.002673097,0.017924111,0.0017789757,0.0018579711,0.004139625,0.008957887,0.95638865,0.004436959,0
ISIC_0031827,0.05851665967101518,0.0011349902,0.051983126,0.036606345,0.001151122,0.0012086926,0.8214836,0.00605055,0.019694373,0.060687143,0
ISIC_0033757,0.23621176671557834,0.0054364316,0.005020841,0.14517519,0.0052534016,0.005063062,0.11436268,0.07447048,0.62279683,0.022421092,0
ISIC_0031941,0.9292081242575977,0.0013227446,0.0054876776,0.002501705,0.0012794217,0.0013676889,0.0029645213,0.887684,0.09347665,0.0039155902,1
ISIC_0032691,0.39866157627379467,0.0034677149,0.004436546,0.020782573,0.003389942,0.003583885,0.31659684,0.17713314,0.45335323,0.017256236,0
ISIC_0026676,0.4750277309943347,0.002109591,0.03074289,0.25623217,0.0018470541,0.0022009148,0.006921451,0.23963188,0.44862172,0.011692366,0
ISIC_0030406,0.05417221415998161,0.0015135773,0.0067774034,0.054526504,0.0014459604,0.0015180637,0.010436889,0.005124342,0.9072161,0.011441302,0
ISIC_0033857,0.12708848570356288,0.0025329215,0.29462633,0.29741997,0.002234405,0.0024368989,0.019314991,0.026383935,0.31829402,0.03675651,0
ISIC_0032151,0.2365423543290123,0.00241457,0.045794044,0.1128604,0.002149881,0.0024040735,0.02972649,0.07464141,0.24599354,0.4840157,0
ISIC_0034211,0.49192294318589186,0.004305604,0.017546978,0.20698278,0.0036556495,0.004117428,0.01815785,0.2548619,0.4539298,0.03644204,1
ISIC_0026892,0.11117649721455873,0.002496211,0.15687145,0.05983193,0.0022995668,0.0027516338,0.5988914,0.020859716,0.14132454,0.014673551,1
ISIC_0033711,0.06609415631339098,0.002639492,0.009231861,0.2216808,0.0025170068,0.0026675393,0.40719128,0.007792917,0.29189795,0.054381113,0
ISIC_0030479,0.36295391363827567,0.012309466,0.018713323,0.06320029,0.012037532,0.012236501,0.016164923,0.15122125,0.69527507,0.018841803,0
ISIC_0032129,0.4600540126758702,0.0015961357,0.087476045,0.25026408,0.0015015586,0.0015626121,0.31297943,0.22657429,0.10192412,0.01612165,0
ISIC_0034089,0.3114523219096577,0.0023658443,0.10531783,0.23773514,0.0023003293,0.0026285083,0.015102975,0.11726576,0.47065493,0.04662869,1
ISIC_0029402,0.13266712053334873,0.002333762,0.03064591,0.032342356,0.002154378,0.0024262501,0.030543936,0.028419146,0.85228413,0.01885025,0
ISIC_0034205,0.10963252877454026,0.0031329643,0.023234298,0.16957057,0.0034455042,0.0035282865,0.44575414,0.020346647,0.2969606,0.03402699,1
ISIC_0034049,0.35450819407392015,0.00025358776,0.0028330327,0.82295674,0.00022106241,0.0002509659,0.0011501521,0.14538185,0.025416931,0.0015355698,1
ISIC_0031528,0.11665881290005432,0.0044813524,0.04190118,0.27420866,0.005000641,0.004959483,0.02488068,0.02271491,0.081876755,0.53997636,0
ISIC_0033223,0.27329669757850744,0.0027906734,0.005032416,0.07931935,0.002861968,0.0026415882,0.010126794,0.09458001,0.73520076,0.06744651,0
ISIC_0027907,0.09283419846978015,0.0009456803,0.005826724,0.22886324,0.00085425255,0.0008777063,0.015649982,0.0150445895,0.17200463,0.5599332,0
ISIC_0026326,0.08071050534464758,0.0009918999,0.46108007,0.04317019,0.0008653097,0.0009975906,0.4539093,0.011560506,0.01420364,0.013221432,0
ISIC_0029514,0.029487197694010307,0.00017590674,0.0017211608,0.0013642389,0.00017714185,0.00017858687,0.9802049,0.0011017608,0.013854563,0.0012218818,0
ISIC_0026950,0.47471524688547867,0.0009261874,0.42457554,0.17160098,0.0008186693,0.0008968425,0.105745375,0.2393552,0.022611124,0.033469975,1
ISIC_0030089,0.09674662997802544,0.0013750307,0.42471597,0.0035575002,0.0012825341,0.0014855774,0.11031754,0.016232183,0.0075670527,0.43346658,1
ISIC_0033736,0.13748998759336847,0.0019665225,0.020507952,0.18000297,0.0016498173,0.001958152,0.36968789,0.030218342,0.023050975,0.37095737,0
